Designation (and name)     Prov. Des.     q       Q      H     Epoch      M    Peri. Node   Incl.  e      a      Opps.     Ref.      Designation (and name)                  Discovery date, site and discoverer(s)

                           2015 KB157   9.106  62.813   8.2   20150518  342.5  157.8 274.1 124.3 0.747  35.960  ( 14d)   MPO342338                             2015 KB157    2015 05 28  G96  Mt. Lemmon Survey
                           2015 KZ120   8.273  77.076   9.9   20150518  355.1   67.2 249.9  84.6 0.806  42.674  ( 24d)   E2015-N05                             2015 KZ120    2015 05 20  F51  Pan-STARRS 1
                           2015 HT171   8.173  14.961  12.3   20150627    6.0  139.9  58.7  33.3 0.293  11.567     2     MPO337150                             2015 HT171    2015 04 23  F51  Pan-STARRS 1
                           2015 HO171   6.641  10.653  11.8   20150627  350.8   63.1 278.6  33.3 0.232   8.647     2     MPO340533                             2015 HO171    2015 04 23  691  Spacewatch
                           2015 HX10   10.801  20.492  12.1   20150408  351.3  358.6 220.4  32.5 0.310  15.647  (  5d)   MPO339547                             2015 HX10     2015 04 18  W84  DECam
                           2015 HP9    12.917  37.120  10.6   20150408    0.5   63.6 138.0   3.0 0.484  25.018  (  1d)   MPO339547                             2015 HP9      2015 04 20  F51  Pan-STARRS 1
                           2015 FZ117  12.991  34.883  10.5   20150408    9.8  356.1 154.6   6.8 0.457  23.937  ( 32d)   MPO339526                             2015 FZ117    2015 03 23  F51  Pan-STARRS 1
                           2015 DB216  12.977  25.452   8.3   20150627  305.0  237.7   6.3  37.7 0.325  19.215     2     MPO336803                             2015 DB216    2015 02 27  G96  Mt. Lemmon Survey
                           2015 CM3     6.941  21.255  12.4   20150627    3.8  162.5 314.9  16.8 0.508  14.098  ( 47d)   MPO332709                             2015 CM3      2015 02 10  G96  Mt. Lemmon Survey
                           2015 BF515  16.964  23.861  10.0   20150627   23.7  105.0 322.4  28.3 0.169  20.412  ( 85d)   MPO332707                             2015 BF515    2015 01 16  F51  Pan-STARRS 1
                           2014 WT69   44.546     109   5.7   20141119    0.1  139.6 267.6  10.2 0.419  76.654  (  4d)   MPO322397                             2014 WT69     2014 11 17  F51  Pan-STARRS 1
                           2014 UH192  19.340  68.975   5.8   20141030   43.2  282.4  12.4  19.4 0.562  44.157  ( 23d)   MPO322380                             2014 UH192    2014 10 28  F51  Pan-STARRS 1
                           2014 UT114  16.872  45.195   8.5   20141010  359.5   82.1 319.5  15.2 0.456  31.033  (  6d)   MPO315354                             2014 UT114    2014 10 22  G96  Mt. Lemmon Survey
                           2014 TZ33    9.406  67.046  11.3   20150627    0.2  159.1 171.8  86.0 0.754  38.226     2     E2015-O15                             2014 TZ33     2014 10 03  G96  Mt. Lemmon Survey
                           2014 SS303   6.761  19.617  13.8   20150627    6.8  256.5 102.8   3.8 0.487  13.189  (124d)   MPO332544                             2014 SS303    2014 09 20  F51  Pan-STARRS 1
                           2014 SR303  10.334  19.770  11.4   20150627  357.2    7.3  21.7   3.0 0.313  15.052  (125d)   MPO331358                             2014 SR303    2014 09 19  F51  Pan-STARRS 1
                           2014 SW223   7.565  10.380  12.9   20140920   34.4  286.1  22.5  10.8 0.157   8.972  ( 40d)   MPO322349                             2014 SW223    2014 09 19  F51  Pan-STARRS 1
                           2014 RE12    5.081  23.517  12.5   20150627  345.4   78.6 338.4  31.6 0.645  14.299  ( 82d)   MPO309094                             2014 RE12     2014 09 02  F51  Pan-STARRS 1
                           2014 OG392  10.972  16.905  10.9   20140722  359.9  170.3 147.3   7.7 0.213  13.939  (  1d)   MPO307148                             2014 OG392    2014 07 28  F51  Pan-STARRS 1
                           2014 ON6     5.783  20.707  11.6   20150627   13.4  195.2  94.3   3.9 0.563  13.245     5     MPO308665                             2014 ON6      2014 07 25  F51  Pan-STARRS 1
                           2014 LR14    9.132  25.569  11.5   20140612  353.6   75.3 184.4   6.3 0.474  17.351  ( 26d)   MPO303420                             2014 LR14     2014 06 02  G96  Mt. Lemmon Survey
                           2014 KL84    5.718  26.517  13.9   20150627    8.3   91.2 134.5  12.3 0.645  16.118     3     MPO339502                             2014 KL84     2014 05 20  F51  Pan-STARRS 1
                           2014 HU195   5.590  23.563  14.6   20140413  353.9  133.4 117.1   5.8 0.616  14.577  (  1d)   MPO322309                             2014 HU195    2014 04 24  W84  DECam
                           2014 HY123   6.986  30.235  11.3   20150627  353.1  230.3 315.3  14.0 0.625  18.611     3     MPO335305                             2014 HY123    2014 04 24  G96  Mt. Lemmon Survey
                           2014 GE45   33.977  96.325   6.3   20140324    0.1  242.3 316.3   0.8 0.478  65.151  (  4d)   MPO292244                             2014 GE45     2014 04 04  F51  Pan-STARRS 1
                           2014 FX71   36.185  78.742   6.0   20150627   29.5  200.4 275.7  17.7 0.370  57.464     2     MPO336643                             2014 FX71     2014 03 28  807
                           2014 FV71   37.438  75.685   5.7   20150627  322.8   39.1 202.3  27.0 0.338  56.562     2     MPO336643                             2014 FV71     2014 03 24  807
                           2014 FC69   40.428     105   4.6   20150627   85.9  190.4 250.2  30.1 0.446  72.930     2     MPO328235                             2014 FC69     2014 03 25  807
                           2014 FU61    5.359  13.044  13.8   20150627   27.2  119.6  59.3  19.6 0.418   9.202     2     MPO336642                             2014 FU61     2014 03 28  G96  Mt. Lemmon Survey
                           2014 FW     10.758  47.924   9.9   20150627  356.0  114.4  98.2  12.7 0.633  29.341     2     MPO339501                             2014 FW       2014 03 20  G96  Mt. Lemmon Survey
                           2014 DT112  13.436  77.439  10.3   20150627    4.9  323.4 158.8  40.9 0.704  45.437  ( 22d)   MPO286767                             2014 DT112    2014 02 26  F51  Pan-STARRS 1
                           2014 AT28    6.510  15.376  11.9   20150627  339.0  279.6 262.5 165.6 0.405  10.943     4     MPO327162                             2014 AT28     2014 01 03  G96  Mt. Lemmon Survey
                           2013 XZ8     8.443  18.564   9.8   20150627  317.7  287.9 266.6  22.5 0.375  13.504     4     MPO289883                             2013 XZ8      2013 12 06  926
                           2013 WV107  10.741  18.769  10.0   20150627  327.6  220.4 274.7  23.9 0.272  14.755     3     MPO339491                             2013 WV107    2013 11 25  F51  Pan-STARRS 1
                           2013 VE2     5.884  16.112  12.8   20131015   20.7  226.9 118.3   6.9 0.465  10.998  (  3d)   MPO277286                             2013 VE2      2013 11 01  G96  Mt. Lemmon Survey
                           2013 UL10    6.200  13.766  12.5   20150627   12.1  186.8 234.0  19.1 0.379   9.983     4     MPO322301                             2013 UL10     2013 10 31  H15
                           2013 TP145  13.386  40.224   9.8   20131015    3.6   27.9 325.8  28.3 0.501  26.805  ( 21d)   MPO277282                             2013 TP145    2013 10 08  809
                           2013 SE99   36.661     122   7.8   20150627   20.8  223.8 100.6  18.3 0.539  79.541     2     MPO324007                             2013 SE99     2013 09 29  W84  Dark Energy Survey
                           2013 RG98   19.233  27.209   9.0   20150627  291.6  350.3 146.0  46.0 0.172  23.221     2     MPO328224                             2013 RG98     2013 09 03  W84  Dark Energy Survey
                           2013 RF98   36.290     614   8.6   20130925    0.1  316.5  67.6  29.6 0.888    325   ( 56d)   MPO331342                             2013 RF98     2013 09 12  W84  Dark Energy Survey
                           2013 RN30    7.878  25.384  13.1   20130816  358.8  170.8 183.4  14.8 0.526  16.631  ( 10d)   MPO271323                             2013 RN30     2013 09 03  F51  Pan-STARRS 1
                           2013 PH44   15.532  23.654   9.0   20150627    0.8  178.4 160.9  33.6 0.207  19.593     3     MPO307076                             2013 PH44     2013 08 12  F51  Pan-STARRS 1
                           2013 LU35   27.051  89.473   9.9   20130727   36.8   25.5 155.7   3.1 0.536  58.262  (115d)   MPO288535                             2013 LU35     2013 06 05  268  New Horizons KBO Search
                           2013 LU28    8.741     336   8.0   20150627  358.6  153.2 276.1 125.4 0.949    172      3     E2015-O65                             2013 LU28     2013 06 08  G96  Mt. Lemmon Survey
                           2013 JU63   33.419  69.524   6.8   20150627   25.5  259.1 278.5   4.3 0.351  51.471     2     MPO293262                             2013 JU63     2013 05 08  807
                           2013 JX14    7.306  15.456  11.7   20150627   51.8  275.1 246.0  10.5 0.358  11.381     4     MPO297942                             2013 JX14     2013 05 05  F51  Pan-STARRS 1
                           2013 FJ28   19.614  50.976   7.7   20150627  320.3   77.9 184.9  21.8 0.444  35.295     3     MPO335283                             2013 FJ28     2013 03 16  807
                           2013 FG28   35.041  77.996   6.7   20150627  343.8  246.2 329.4  21.0 0.380  56.519     2     MPO328216                             2013 FG28     2013 03 17  807
                           2013 FY27   35.937  82.633   3.0   20150627  215.8  136.4 187.1  33.0 0.394  59.285     2     MPO289777                             2013 FY27     2013 03 17  807
                           2013 EZ27    6.757  18.751  11.6   20130217  314.3  287.9 334.4  24.8 0.470  12.754  (  3d)   MPO258473                             2013 EZ27     2013 03 05  F51  Pan-STARRS 1
                           2013 CA134  11.186  37.243  10.9   20130217  355.9  266.3 271.0   8.7 0.538  24.215  (  3d)   MPO254866                             2013 CA134    2013 02 15  F51  Pan-STARRS 1
                           2013 CY133   5.823   9.920  13.4   20130217  330.3   62.1 148.3  17.7 0.260   7.871  ( 32d)   MPO277230                             2013 CY133    2013 02 14  F51  Pan-STARRS 1
                           2013 CJ118   5.315  14.769  14.6   20150627   32.7  146.8 338.3  10.4 0.471  10.042  (  6d)   MPO253344                             2013 CJ118    2013 02 09  F51  Pan-STARRS 1
                           2013 CV82   10.831  24.350  11.4   20130108  344.1   32.5 137.3  18.0 0.384  17.590  ( 34d)   MPO254858                             2013 CV82     2013 02 03  F51  Pan-STARRS 1
                           2013 BK78    8.246  71.233  12.5   20130128    1.6  281.8 175.1   2.2 0.792  39.740  ( 23d)   MPO254843                             2013 BK78     2013 01 17  F51  Pan-STARRS 1
                           2013 BL76    8.372    2467  10.8   20150627    0.0  166.1 180.2  98.6 0.993   1238      3     MPO307057                             2013 BL76     2013 01 20  G96  Mt. Lemmon Survey
                           2013 BN45    5.190   8.818  12.4   20130108  230.0  179.6  81.3   6.7 0.259   7.004  (  6d)   MPO252175                             2013 BN45     2013 01 17  568
                           2013 AX158   6.910  44.459  14.3   20121219    4.0  210.9 232.7  12.6 0.731  25.684  (  3d)   MPO265037                             2013 AX158    2013 01 04  W84  DECam NEO Survey
                           2013 AS105   5.757  26.458  12.1   20150627   24.3  326.3 106.7  14.6 0.643  16.108     6     MPO331334                             2013 AS105    2013 01 15  J04
                           2013 AZ60    7.908    1655  10.2   20150627    0.0  158.1 349.2  16.5 0.990    831      3     MPO339483                             2013 AZ60     2013 01 10  G96  Mt. Lemmon Survey
                           2012 WD36   37.354     116   6.9   20150627  336.7  293.8 177.4  23.7 0.514  76.887     3     MPO317748                             2012 WD36     2012 11 19  W84  DECam
                           2012 VS113  38.042  71.988   7.1   20150627    3.9  220.4 171.7  26.8 0.309  55.015     3     MPO307055                             2012 VS113    2012 11 12  W84  Dark Energy Survey
                           2012 VP113  80.306     447   4.0   20150627    3.2  292.9  90.8  24.0 0.696    264      3     MPO289737                             2012 VP113    2012 11 05  807
                           2012 VU85   20.154  38.513   7.2   20150627  311.4  264.8 252.6  15.1 0.313  29.333     3     MPO322278                             2012 VU85     2012 11 14  290  K. Cernis, R. P. Boyle
                           2012 UW177  22.277  37.973  11.3   20150627  357.7   34.6  20.0  53.9 0.261  30.125     2     MPO317747                             2012 UW177    2012 10 20  568  M. Alexandersen
                           2012 US177  35.553  76.312   8.7   20150627   15.2   92.6 271.8  17.2 0.364  55.932     2     MPO317746                             2012 US177    2012 10 21  568  M. Alexandersen
                           2012 UR177  37.451     110   7.9   20150627  342.7  158.4 291.6  16.3 0.492  73.780     2     MPO317746                             2012 UR177    2012 10 21  568  M. Alexandersen
                           2012 UQ177  35.658  68.290   8.0   20150627  332.1  120.4 330.3  19.6 0.314  51.974     2     MPO317746                             2012 UQ177    2012 10 20  568  M. Alexandersen
                           2012 UK177  35.317     149   8.7   20150627  356.5  162.7 251.5  24.9 0.617  92.136     2     MPO317745                             2012 UK177    2012 10 20  568  M. Alexandersen
                           2012 UJ177  31.293  78.760   9.1   20150627   20.9   46.9 299.0  15.6 0.431  55.027     2     MPO317745                             2012 UJ177    2012 10 21  568  M. Alexandersen
                           2012 UY174   7.369  16.426  13.3   20121020  359.9   71.4 329.9   9.6 0.381  11.898  (  2d)   MPO246003                             2012 UY174    2012 10 23  F51  Pan-STARRS 1
                           2012 UT68   12.620  27.971   9.4   20150627    6.6    6.1  43.9  15.4 0.378  20.295     3     MPO281948                             2012 UT68     2012 10 18  F51  Pan-STARRS 1
                           2012 PD26   10.094  30.561  11.2   20150627   23.8   85.0 209.2   7.7 0.503  20.327     3     MPO317743                             2012 PD26     2012 08 13  F51  Pan-STARRS 1
                           2012 KU50   26.181  79.250   6.3   20120513   18.2   88.5  68.3  18.1 0.503  52.715  ( 28d)   MPO234437                             2012 KU50     2012 05 18  809  M. E. Schwamb
                           2012 GX17   16.954  58.549   7.8   20150627   40.7  244.1 209.2  32.5 0.551  37.751     3     MPO335263                             2012 GX17     2012 04 14  F51  Pan-STARRS 1
                           2012 GM12   15.433  18.942   9.3   20120403  171.4  114.5 262.9  12.6 0.102  17.188  (  4d)   MPO230296                             2012 GM12     2012 04 13  F51  Pan-STARRS 1
                           2012 GU11   19.805  33.992   8.7   20120403   32.7  336.8 151.4  12.8 0.264  26.899  (  4d)   MPO230296                             2012 GU11     2012 04 12  F51  Pan-STARRS 1
                           2012 GV1     8.244  29.026  11.9   20150627   23.8  341.2 168.5  18.9 0.558  18.635     3     MPO229000                             2012 GV1      2012 04 12  F51  Pan-STARRS 1
                           2012 FZ78   10.540  27.186  10.9   20120423   10.2  156.8  10.2  17.0 0.441  18.863  ( 49d)   MPO234429                             2012 FZ78     2012 03 29  G96  Mt. Lemmon Survey
                           2012 DD86   15.364  31.395   9.4   20150627    4.1  356.9 174.6  12.5 0.343  23.379     5     MPO335263                             2012 DD86     2012 02 22  809
                           2012 DS85   16.449  21.545   9.4   20150627   58.2  304.7 129.0  16.8 0.134  18.997     2     MPO246980                             2012 DS85     2012 02 19  290  K. Cernis, R. P. Boyle
                           2012 DR30   14.548    2656   7.1   20150627    0.0  195.4 341.4  78.0 0.989   1335      8     MPO339460                             2012 DR30     2012 02 22  E12  Siding Spring Survey
                           2012 CE17   18.981  24.239   8.7   20150627  352.6  356.2 174.5   5.9 0.122  21.610     3     MPO331323                             2012 CE17     2012 02 03  F51  Pan-STARRS 1
                           2012 CG     14.515  43.608   9.0   20150627   32.1  293.9 128.7  14.6 0.501  29.061     8     MPO327109                             2012 CG       2012 02 01  G96  Mt. Lemmon Survey
                           2011 WR74    5.203  13.195  15.3   20111205    7.9  263.3 135.1  10.8 0.434   9.199  ( 29d)   MPO218133                             2011 WR74     2011 11 25  F51  Pan-STARRS 1
                           2011 UW412  37.422     118   9.0   20150627    8.2  134.2 233.2  13.0 0.519  77.875     2     MPO317700                             2011 UW412    2011 10 26  568
                           2011 UR412  34.304  65.822   8.8   20150627  344.3   54.7  15.3  17.9 0.315  50.063     2     MPO317700                             2011 UR412    2011 10 26  568  M. Alexandersen
                           2011 UQ412  34.795  99.777   7.7   20150627  354.6  197.8 219.9  16.7 0.483  67.286     2     MPO317700                             2011 UQ412    2011 10 24  568  M. Alexandersen
                           2011 UP412  36.933  75.627   8.2   20150627  354.5   26.8  23.1  19.7 0.344  56.280     2     MPO317699                             2011 UP412    2011 10 24  568  M. Alexandersen
                           2011 UT411  32.938  78.463   7.5   20150627  307.6  130.3   5.0   6.4 0.409  55.701     2     MPO317696                             2011 UT411    2011 10 26  568  M. Alexandersen
                           2011 US411  31.231  93.532   9.2   20150627    2.7    9.7  24.8  22.1 0.499  62.381     2     MPO317696                             2011 US411    2011 10 26  568  M. Alexandersen
                           2011 UR411  34.923  89.312   8.6   20150627  349.6   46.0  23.4  26.6 0.438  62.118     2     MPO317696                             2011 UR411    2011 10 26  568  M. Alexandersen
                           2011 UQ411  37.061  88.017   7.0   20150627  318.4  263.9 215.5  40.5 0.407  62.539     2     MPO317696                             2011 UQ411    2011 10 26  568  M. Alexandersen
                           2011 UP411  38.565     113   8.6   20150627    1.5  160.5 232.0  13.4 0.490  75.586     2     MPO317696                             2011 UP411    2011 10 26  568  M. Alexandersen
                           2011 UD63   11.099  21.488   8.7   20150627  248.0  231.2 299.2  10.7 0.319  16.293     2     MPO297912                             2011 UD63     2011 10 19  F51  Pan-STARRS 1
                           2011 UQ62   15.360  53.282   9.3   20111006    6.5   91.9 251.1  16.4 0.552  34.321  (  9d)   MPO235398                             2011 UQ62     2011 10 19  F51  Pan-STARRS 1
                           2011 SR250   6.986  14.979  12.7   20111006   21.2  344.7 315.5   8.8 0.364  10.982  ( 38d)   MPO215196                             2011 SR250    2011 09 20  F51  Pan-STARRS 1
                           2011 RS     20.393  23.971   8.6   20110827  180.4  190.1 353.9  24.4 0.081  22.182  (  2d)   MPO206222                             2011 RS       2011 09 04  F51  Pan-STARRS 1
                           2011 QF99   15.690  22.504   9.7   20150627  275.4  287.4 222.5  10.8 0.178  19.097     3     MPO339454                             2011 QF99     2011 08 29  568  M. Alexandersen
                           2011 ON45    9.805  13.443  11.4   20150627  325.1   77.6 330.4   8.2 0.157  11.624     2     MPO304713                             2011 ON45     2011 07 27  F51  Pan-STARRS 1
                           2011 OF45    7.753  10.273  12.6   20150627    5.3   53.7 316.1  19.6 0.140   9.013     3     MPO307035                             2011 OF45     2011 07 26  F51  Pan-STARRS 1
                           2011 OD16   19.465  28.039   8.8   20150627  335.3  202.9 166.1   6.3 0.180  23.752     2     MPO317682                             2011 OD16     2011 07 25  F51  Pan-STARRS 1
                           2011 MM4    11.130  31.153   9.3   20150627   39.0    6.9 282.6 100.4 0.474  21.142     3     MPO331320                             2011 MM4      2011 06 24  F51  Pan-STARRS 1
                           2011 KT19   15.375  21.979   7.8   20110519  156.8  200.7 240.8  66.5 0.177  18.677  (  8d)   MPO200342                             2011 KT19     2011 05 31  G96  Mt. Lemmon Survey
                           2011 JD32   33.707  68.148   8.7   20110519  341.2  208.5 106.5  12.9 0.338  50.928  ( 63d)   MPO300648                             2011 JD32     2011 05 01  268  New Horizons KBO Search
                           2011 JA32   29.493  91.854   9.8   20150627  331.2  127.5 236.0   3.2 0.514  60.673     2     MPO256133                             2011 JA32     2011 05 02  268  New Horizons KBO Search
                           2011 HK103  36.712  69.368   8.4   20150627  321.3  229.2 121.1   6.4 0.308  53.040     2     MPO286663                             2011 HK103    2011 04 28  268  New Horizons KBO Search
                           2011 HP83   36.065  69.227   5.6   20150627   13.7  207.9  12.2  28.6 0.315  52.646     2     MPO233325                             2011 HP83     2011 04 29  809
                           2011 HO60   36.635     152   6.1   20150627    0.2  241.9 353.1  22.2 0.612  94.517     2     MPO262253                             2011 HO60     2011 04 26  809
                           2011 GY61   35.138  66.065   6.5   20150627    2.6  236.3 319.7   0.8 0.306  50.601     2     MPO235397                             2011 GY61     2011 04 09  809
                           2011 GN27    8.991  21.834   9.6   20110320   62.0  128.0 320.5  15.7 0.417  15.413  (  1d)   MPO196839                             2011 GN27     2011 04 03  809
                           2011 FX62   20.385  76.675   7.4   20150627   10.8  233.2 288.3  18.3 0.580  48.530     5     MPO230280                             2011 FX62     2011 03 28  809
                           2011 FS53    6.176   9.069  13.6   20110320   35.6  134.3   5.6   6.3 0.190   7.623  (  6d)   MPO196832                             2011 FS53     2011 03 31  F51  Pan-STARRS 1
                           2011 FY9    15.194     104   8.8   20150627    5.4  300.8 214.3  37.7 0.745  59.639     3     MPO335250                             2011 FY9      2011 03 27  809
                           2011 AC72   11.230  40.992  10.9   20150627    5.7   23.4 119.3  13.8 0.570  26.111     4     MPO335243                             2011 AC72     2011 01 03  G96  Mt. Lemmon Survey
                           2010 XZ78    5.393   9.935  12.5   20150627   54.7  228.9 252.3  39.2 0.296   7.664     3     MPO260816                             2010 XZ78     2010 12 04  G96  Mt. Lemmon Survey
                           2010 WG9    18.774  87.298   8.1   20150627    8.7  293.1  92.1  70.2 0.646  53.036     3     MPO254803                             2010 WG9      2010 11 30  809
                           2010 VZ98   34.324     274   5.0   20150627  357.7  313.9 117.4   4.5 0.777    154      5     MPO339441                             2010 VZ98     2010 11 12  809  D. L. Rabinowitz, M. Schwamb, S. Tourtellotte
                           2010 VE21    7.612  10.584  12.4   20101031   71.9   79.4 227.3  45.6 0.163   9.098  (  3d)   MPO202497                             2010 VE21     2010 11 03  F51  Pan-STARRS 1
                           2010 VX11   21.327  62.666   6.3   20101120  326.2  332.4 171.1  22.4 0.492  41.997  ( 57d)   MPO202497                             2010 VX11     2010 11 03  809  D. L. Rabinowitz, M. Schwamb, S. Tourtellotte
                           2010 VW11   36.565  64.676   5.4   20150627  359.9  259.6 158.1  27.8 0.278  50.621     3     MPO248892                             2010 VW11     2010 11 03  809  D. L. Rabinowitz, M. Schwamb, S. Tourtellotte
                           2010 TY53   21.012  56.911   5.4   20150627  319.4    3.3 111.4  22.5 0.461  38.962     4     MPO277207                             2010 TY53     2010 10 08  809  D. L. Rabinowitz, M. Schwamb, S. Tourtellotte
                           2010 TR19   11.514  61.835   5.4   20101011  304.7   35.7  94.8  25.4 0.686  36.674  ( 26d)   MPO202492                             2010 TR19     2010 10 06  809  D. L. Rabinowitz, M. Schwamb, S. Tourtellotte
                           2010 TJ     39.915  85.253   5.0   20150627   10.6  273.8  91.3  38.9 0.362  62.584     3     MPO252093                             2010 TJ       2010 10 02  809  D. L. Rabinowitz, M. Schwamb, S. Tourtellotte
                           2010 TH     12.572  24.518   9.2   20150627   50.5  210.3 123.7  26.7 0.322  18.545     5     MPO222933                             2010 TH       2010 10 02  809  D. L. Rabinowitz, M. Schwamb, S. Tourtellotte
                           2010 RE64   36.047  95.223   4.3   20150627  318.5   21.2  67.5  13.5 0.451  65.635     3     MPO315251                             2010 RE64     2010 09 09  809  D. L. Rabinowitz, M. Schwamb, S. Tourtellotte
                           2010 RM45   26.419  95.483   6.5   20101011  330.6  338.9  86.0  18.9 0.567  60.951  ( 94d)   MPO227490                             2010 RM45     2010 09 05  809  D. L. Rabinowitz, M. Schwamb, S. Tourtellotte
                           2010 RG43   13.362  15.671   9.7   20100901  359.9  301.3  34.7  36.6 0.080  14.516  (  1d)   MPO183718                             2010 RG43     2010 09 06  809  D. L. Rabinowitz, M. Schwamb, S. Tourtellotte
                           2010 PU75   35.927     132   5.6   20150627  354.3  256.2  78.3   8.9 0.572  84.030     3     MPO237403                             2010 PU75     2010 08 06  304  A. Udalski, S. S. Sheppard, G. Pietrzynski, C. A. Trujillo
                           2010 PT66   35.483  88.155   6.2   20150627   13.2  203.3 108.8  18.5 0.426  61.819     3     MPO283091                             2010 PT66     2010 08 15  809  D. L. Rabinowitz, M. Schwamb, S. Tourtellotte
                           2010 PL66   13.033  29.201   8.3   20150627  282.8   96.8   8.5  24.4 0.383  21.117     3     MPO301660                             2010 PL66     2010 08 14  809  D. L. Rabinowitz, M. Schwamb, S. Tourtellotte
                           2010 LN68   12.312  12.860   9.2   20100613  360.0  138.2  92.6  15.1 0.022  12.586  (  1d)   MPO178241                             2010 LN68     2010 06 13  809  D. L. Rabinowitz, S. Tourtellotte
                           2010 LO33   15.069  33.103   8.1   20150627  331.0   81.4 241.1  17.8 0.374  24.086  (100d)   MPO183310                             2010 LO33     2010 06 07  809  D. L. Rabinowitz, S. Tourtellotte
                           2010 JJ124  23.615     144   6.6   20150627    1.3  339.0 268.8  37.8 0.719  83.990     2     MPO200859                             2010 JJ124    2010 05 11  304  A. Udalski, S. S. Sheppard, C. A. Trujillo
                           2010 JC80   31.513  79.242   5.9   20150627  348.9  216.6  50.9   3.1 0.431  55.377     3     MPO339439                             2010 JC80     2010 05 12  809  D. L. Rabinowitz, S. Tourtellotte
                           2010 JB80   10.296  15.517  11.7   20100524    5.6  184.8  21.0  17.8 0.202  12.906  ( 57d)   MPO180051                             2010 JB80     2010 05 11  809  D. L. Rabinowitz, S. Tourtellotte
                           2010 HM23   15.251  18.081  10.5   20100414  359.9  336.6 251.1   6.9 0.085  16.666  (  1d)   MPO176884                             2010 HM23     2010 04 20  304  S. S. Sheppard
                           2010 GB174  48.675     694   6.5   20150627    3.2  347.7 130.6  21.5 0.869    371      4     MPO262140                             2010 GB174    2010 04 12  568
                           2010 GW147   5.381     339  13.2   20150627    1.0   50.1 313.3  99.6 0.969    172      3     MPO297894                             2010 GW147    2010 04 14  C51  WISE
                           2010 GF65   22.133  44.609   7.2   20150627  335.5  284.5   0.4  12.4 0.337  33.371     3     MPO297894                             2010 GF65     2010 04 14  809  D. L. Rabinowitz, S. Tourtellotte
                           2010 GX34   16.571  40.963   8.2   20150627  350.7  356.3 279.1  11.6 0.424  28.767     3     MPO233298                             2010 GX34     2010 04 09  809  D. L. Rabinowitz, S. Tourtellotte
                           2010 FH92    5.772  42.910  11.4   20150627   15.8  313.8 280.2  61.9 0.763  24.341     3     MPO315248                             2010 FH92     2010 03 17  C51  WISE
                           2010 FE49   33.621  74.798   6.5   20150627    9.7  131.2  58.0  11.7 0.380  54.209     3     MPO248889                             2010 FE49     2010 03 19  809  D. L. Rabinowitz, S. Tourtellotte
                           2010 FD49   31.937  79.832   6.3   20150627  359.8  141.8  66.3  10.7 0.429  55.885     5     MPO339438                             2010 FD49     2010 03 19  809  D. L. Rabinowitz, S. Tourtellotte
                           2010 FB49   18.269  26.913   7.5   20150627  203.1  171.0 184.9  24.3 0.191  22.591     3     MPO228745                             2010 FB49     2010 03 17  809  D. L. Rabinowitz, S. Tourtellotte
                           2010 EK139  32.569     107   3.8   20150627  345.6  284.4 346.1  29.4 0.533  69.735     5     MPO206188                             2010 EK139    2010 03 13  304  A. Udalski, S. S. Sheppard, M. Kubiak, C. A. Trujillo
                           2010 EU65   18.167  20.241   9.1   20100414    0.4  180.8   4.6  14.8 0.054  19.204  ( 85d)   MPO178178                             2010 EU65     2010 03 13  809  D. L. Rabinowitz, S. Tourtellotte
                           2010 ET65   39.625  86.038   5.2   20150627    1.4  353.9 189.6  30.6 0.369  62.832     6     MPO237402                             2010 ET65     2010 03 13  809  D. L. Rabinowitz, S. Tourtellotte
                           2010 ES65    9.476  34.054  12.0   20150627   22.9  238.8 273.2  10.4 0.565  21.765     4     MPO293162                             2010 ES65     2010 03 12  809  D. L. Rabinowitz, S. Tourtellotte
                           2010 ER65   40.011     160   5.4   20150627    3.2  324.1 212.7  21.2 0.599  99.768     3     MPO237402                             2010 ER65     2010 03 10  809  D. L. Rabinowitz, S. Tourtellotte
                           2010 EQ65   34.183     128   6.4   20100325  352.5  239.4 336.2  23.6 0.579  81.291  ( 41d)   MPO175353                             2010 EQ65     2010 03 10  809  D. L. Rabinowitz, S. Tourtellotte
                           2010 EO65   14.003  36.384   9.6   20150627    0.0  270.8 315.6  11.4 0.444  25.194     4     MPO339438                             2010 EO65     2010 03 09  809  D. L. Rabinowitz, S. Tourtellotte
                           2010 BK118   6.102     982  10.2   20150627    0.1  179.1 176.0 143.9 0.988    494      5     MPO271268                             2010 BK118    2010 01 30  C51  WISE
                           2010 BL4     8.596  28.892  12.0   20150627   26.1  253.3 227.1  20.8 0.541  18.744     4     MPO339436                             2010 BL4      2010 01 18  809  D. L. Rabinowitz
                           2009 YG19   32.982  78.583   6.1   20150627   12.4  301.7  99.2   5.2 0.409  55.783     3     MPO248887                             2009 YG19     2009 12 25  809  D. L. Rabinowitz
                           2009 MF10   27.270  87.420   6.1   20150627   27.6  262.6 320.7  26.2 0.524  57.345     2     MPO196016                             2009 MF10     2009 06 27  807  S. S. Sheppard, A. Udalski, C. A. Trujillo, K. Ulaczyk
                           2009 ME10   22.830  32.827   7.5   20090708  341.1  338.7 344.7  14.7 0.180  27.829  ( 59d)   MPO179995                             2009 ME10     2009 06 27  807  A. Udalski, S. S. Sheppard, M. Szymanski, C. A. Trujillo
                           2009 KA37   33.910  73.429   8.6   20090529  332.6  114.3 128.3  15.3 0.368  53.670  ( 28d)   MPO215168                             2009 KA37     2009 05 27  568
                           2009 KZ36   20.013  76.807  10.3   20090529   19.4  333.8 140.6  17.4 0.587  48.410  ( 28d)   MPO215168                             2009 KZ36     2009 05 27  568
                           2009 KY36   27.688  74.765   9.1   20090529   35.1   64.8  34.1  24.7 0.459  51.227  ( 28d)   MPO215168                             2009 KY36     2009 05 27  568
                           2009 KX36   44.719  90.904   8.0   20090529    9.3   22.0 142.7  18.8 0.341  67.811  ( 28d)   MPO215168                             2009 KX36     2009 05 27  568
                           2009 KN30   30.439     109   7.9   20150627    8.0  306.0 284.7   4.6 0.563  69.690     3     MPO201130                             2009 KN30     2009 05 25  568  M. Yagi
                           2009 KK30   37.645  82.956   7.1   20150627   49.1  263.4 259.8  14.3 0.376  60.300     3     MPO201130                             2009 KK30     2009 05 25  568  M. Yagi
                           2009 JC19   34.524  67.012   7.5   20090509   72.7   39.1  33.3  30.8 0.320  50.768  ( 11d)   MPO215168                             2009 JC19     2009 05 15  568
                           2009 JZ18   23.658  74.444   7.8   20090509   22.5   71.9  38.4  23.2 0.518  49.051  ( 10d)   MPO215168                             2009 JZ18     2009 05 14  568
                           2009 JY18   30.113  78.551   8.6   20090509  323.2  227.3  35.4  22.4 0.446  54.332  ( 11d)   MPO215168                             2009 JY18     2009 05 14  568
                           2009 JX18   20.171  54.993   9.8   20090509  319.1  231.1  40.7  20.2 0.463  37.582  ( 11d)   MPO215167                             2009 JX18     2009 05 14  568
                           2009 JU18   38.313  74.531   8.5   20090509   25.4   99.9  27.7  27.2 0.321  56.422  ( 11d)   MPO215167                             2009 JU18     2009 05 14  568
                           2009 DM143  35.881  72.817   9.4   20090310    8.4   19.9 146.1  16.3 0.340  54.349  ( 72d)   MPO215164                             2009 DM143    2009 02 18  568
                           2009 DJ143  37.465  95.654   6.8   20150627  349.3   83.7 141.9  17.6 0.437  66.560     3     MPO340183                             2009 DJ143    2009 02 18  568
                           2008 UZ331  17.712  19.014   9.4   20081021  359.9  284.8  74.6  32.6 0.035  18.363  (  1d)   MPO149145                             2008 UZ331    2008 10 26  807  L. H. Wasserman
                           2008 ST291  42.391     155   4.2   20150627   22.4  324.4 331.2  20.8 0.571  98.815     3     MPO322196                             2008 ST291    2008 09 24  675  M. E. Schwamb, M. E. Brown, D. L. Rabinowitz
                           2008 OG19   38.575  93.773   4.6   20150627    1.2  140.7 164.0  13.2 0.417  66.174     4     MPO235388                             2008 OG19     2008 07 30  675
                           2008 LP17   29.844     150   6.4   20150627    0.7  164.4  72.5  14.1 0.669  90.029     5     MPO339416                             2008 LP17     2008 06 06  675
                           2008 KV42   21.113  61.619   8.8   20150627  332.4  133.3 261.0 103.5 0.490  41.366     4     MPO339416                             2008 KV42     2008 05 31  568
                           2008 JO41   39.936     135   8.4   20150627  351.2  146.4 152.9  48.8 0.543  87.394     4     MPO336490                             2008 JO41     2008 05 11  568
                           2008 HY21    5.381  16.453  12.2   20150627   75.6  164.1  53.3  12.0 0.507  10.917     4     MPO339416                             2008 HY21     2008 04 26  G96  Mt. Lemmon Survey
                           2008 CT190  34.694  71.863   5.5   20150627    3.2   47.9 103.6  38.8 0.349  53.278     8     MPO339413                             2008 CT190    2008 02 09  675
                           2008 AU138  20.472  44.530   6.7   20150627  196.8  252.9  50.6  42.8 0.370  32.501     4     MPO336480                             2008 AU138    2008 01 08  568
                           2007 VK305  36.470  77.660   5.8   20150627   60.2  143.7 172.5  20.3 0.361  57.065    10     MPO339411                             2007 VK305    2007 11 02  705  A. C. Becker, A. W. Puckett, J. Kubica
                           2007 VJ305  35.193     343   6.6   20150627    1.3  338.4  24.4  12.0 0.814    189      3     MPO152504                             2007 VJ305    2007 11 04  705  A. C. Becker, A. W. Puckett, J. Kubica
                           2007 VH305   8.208  40.583  11.6   20150627   15.0  249.0 165.9   6.2 0.664  24.396     4     MPO339411                             2007 VH305    2007 11 04  705  A. C. Becker, A. W. Puckett, J. Kubica
                           2007 UM126   8.521  17.222  10.1   20150627  101.9  104.0 184.9  41.8 0.338  12.872     6     MPO339410                             2007 UM126    2007 10 30  705  Sloan Digital Sky Survey Linked Object Catalog team
                           2007 TR436  25.497     100   9.5   20071027    0.0  179.6 195.7  31.7 0.595  62.994  ( 31d)   MPO147443                             2007 TR436    2007 10 14  568  S. S. Sheppard, C. A. Trujillo
                           2007 TB434   8.477   8.931  14.7   20071007  359.7    1.4  12.7   9.8 0.026   8.704  (  1d)   MPO141890                             2007 TB434    2007 10 14  568
                           2007 TU431  21.427     232  10.4   20071027  357.4  223.0 195.7   6.7 0.831    127   ( 54d)   MPO141889                             2007 TU431    2007 10 14  568
                           2007 TK422  17.018  25.138   8.9   20150627  107.4  199.6  65.3   3.1 0.193  21.078     5     MPO339409                             2007 TK422    2007 10 06  705  A. C. Becker, A. W. Puckett, J. Kubica
                           2007 TJ422   9.239  29.705  11.3   20150627   59.5  316.4 318.8   2.9 0.526  19.472     3     MPO339409                             2007 TJ422    2007 10 06  705  A. C. Becker, A. W. Puckett, J. Kubica
                           2007 TG422  35.582     972   6.2   20150627    0.3  285.8 113.0  18.6 0.929    504      4     MPO252047                             2007 TG422    2007 10 03  705  A. C. Becker, A. W. Puckett, J. Kubica
                           2007 TB418  33.970  76.619   5.8   20071027  278.7   46.8  93.6   6.6 0.386  55.295  ( 58d)   MPO131985                             2007 TB418    2007 10 04  807
                           2007 TA418  35.966     109   7.2   20150627  356.6  297.9 121.8  22.0 0.503  72.434     4     MPO315224                             2007 TA418    2007 10 04  807
                           2007 RZ326  34.390  70.543   8.2   20150627  341.3  104.0 296.5  37.3 0.345  52.467     4     MPO336470                             2007 RZ326    2007 09 06  568
                           2007 RM314  36.438     104   6.5   20150627   24.6   75.5 209.4  20.9 0.482  70.344     5     MPO336469                             2007 RM314    2007 09 14  568  P. A. Wiegert, A. Papadimos
                           2007 RH283  10.506  21.316   8.5   20150627  132.6  329.1 286.6  21.3 0.340  15.911     9     MPO339407                             2007 RH283    2007 09 15  675
                           2007 NC7    16.868  51.152   8.0   20150627   34.2  286.6 324.2   6.3 0.504  34.010     5     MPO237361                             2007 NC7      2007 07 11  675
                           2007 LJ38   38.374     107   7.3   20150627  359.7  117.8 137.7  31.6 0.471  72.603     3     MPO336467                             2007 LJ38     2007 06 12  568
                           2007 LH38   36.800     233   7.9   20150627    0.2  130.0 122.9  34.2 0.728    135      6     MPO336467                             2007 LH38     2007 06 12  568
                           2007 LG38   31.361  79.995   7.9   20150627   15.6   75.8 139.5  32.6 0.437  55.678     4     MPO336467                             2007 LG38     2007 06 12  568
                           2007 LF38   38.904     137   5.8   20150627   20.8   12.9 169.2  35.8 0.558  88.092     6     MPO336466                             2007 LF38     2007 06 12  568
                           2007 LE38   41.779  66.367   7.0   20150627    8.7   53.5 193.4  35.9 0.227  54.073     3     MPO336466                             2007 LE38     2007 06 12  568
                           2007 JK43   23.551  69.026   7.3   20150627    4.1   10.1 233.6  44.9 0.491  46.288     5     MPO335194                             2007 JK43     2007 05 10  675
                           2007 FO51   35.917  65.839   6.8   20150627  348.7  149.8  43.3  27.9 0.294  50.878     4     MPO336465                             2007 FO51     2007 03 21  568
                           2007 FN51   33.430     145   7.5   20150627   13.9   10.5 102.2  23.2 0.625  89.052     6     MPO336465                             2007 FN51     2007 03 21  568
                           2007 BP102  17.727  30.263  10.6   20150627   17.0  125.3  45.3  64.7 0.261  23.995     4     MPO339403                             2007 BP102    2007 01 24  568
                           2006 WG206  35.892  65.703   6.9   20150627   35.6  123.8 317.2  14.3 0.293  50.798     6     MPO339403                             2006 WG206    2006 11 23  568  Canada-France Ecliptic Plane Survey
                           2006 UL321  23.494     498   7.6   20061012    0.1  353.8 342.9  37.4 0.910    261   (  1d)   MPO121361                             2006 UL321    2006 10 19  695
                           2006 UX184  20.419  55.461   8.5   20150627  358.1   21.0  39.5  37.4 0.462  37.940     6     MPO339400                             2006 UX184    2006 10 22  950
                           2006 SF369  39.106  86.142   6.7   20150627   17.3  290.0  95.3  27.6 0.376  62.624     5     MPO339397                             2006 SF369    2006 09 30  705  A. C. Becker, A. W. Puckett, J. Kubica
                           2006 QS181  32.168  83.534   8.0   20061012   20.6   83.9 230.7  14.8 0.444  57.851  (121d)   MPO114780                             2006 QS181    2006 08 22  807
                           2006 QJ181  31.598  94.480   6.4   20150627  351.3  219.0 249.8  20.1 0.499  63.039     4     MPO196663                             2006 QJ181    2006 08 21  807
                           2006 QH181  38.051  95.720   4.3   20150627  104.2  210.2  73.8  19.1 0.431  66.885     3     MPO285680                             2006 QH181    2006 08 21  807
                           2006 QG181  20.408  94.494   9.0   20150627   16.9  313.6  38.9   7.2 0.645  57.451     2     MPO340129                             2006 QG181    2006 08 21  807
                           2006 QP180  13.155  62.675   9.8   20150627   23.9   52.6 237.6   5.0 0.653  37.915     5     MPO339395                             2006 QP180    2006 08 28  705  A. C. Becker, A. W. Puckett, J. Kubica
                           2006 HX122  36.252     103   5.9   20150627   39.7  258.2 250.5  12.9 0.480  69.764     2     MPO139795                             2006 HX122    2006 04 27  807  M. W. Buie
                           2006 HV122  37.629     125   6.5   20150627  348.0  237.0  40.7  16.0 0.538  81.473     4     MPO342224                             2006 HV122    2006 04 27  807  M. W. Buie
                           2006 HR122  38.894  85.988   7.6   20150627   15.4  145.3  50.3   3.5 0.377  62.441     2     MPO137499                             2006 HR122    2006 04 26  807  M. W. Buie
                           2006 HQ122  37.675     146   6.3   20150627    5.8  345.7 217.1  21.6 0.591  92.055     5     MPO297850                             2006 HQ122    2006 04 26  807  M. W. Buie
                           2006 HO122  36.888  85.229   8.1   20060525    0.1   10.8 199.2  17.5 0.396  61.059  ( 57d)   MPO104375                             2006 HO122    2006 04 26  807  M. W. Buie
                           2006 BS284  33.534  86.894   6.9   20150627  329.0  247.8 328.0   4.6 0.443  60.214     5     MPO273901                             2006 BS284    2006 01 31  568  Canada-France Ecliptic Plane Survey
                           2006 AO101  41.918  63.928   7.1   20060125  180.1  205.7 102.1   1.1 0.208  52.923  ( 51d)   MPO118173                             2006 AO101    2006 01 05  568
                           2006 AA99   25.639  28.079  11.9   20060105  360.0    2.3 126.8  33.4 0.045  26.859  (  1d)   MPO102271                             2006 AA99     2006 01 05  568
                           2005 VB123  17.592  17.896  10.2   20051106    0.0    2.8  39.5  38.9 0.009  17.744  ( 29d)   MPO 97975                             2005 VB123    2005 11 03  695
                           2005 UN524  18.729  24.455   9.3   20150627  356.3   52.1  39.3  17.8 0.133  21.592     5     MPO252021                             2005 UN524    2005 10 25  568  P. A. Wiegert
                           2005 TH173  15.500  15.948  11.0   20051017    0.1  182.3 193.7  15.7 0.014  15.724  ( 17d)   MPO 90332                             2005 TH173    2005 10 08  304
                           2005 SD278  39.922  71.010   6.5   20150627   25.7  218.6 152.7  17.9 0.280  55.466     4     MPO230208                             2005 SD278    2005 09 25  705  A. C. Becker, A. W. Puckett, J. Kubica
                           2005 RH52   38.996     264   7.8   20150627    2.3   32.4 306.2  20.5 0.742    151      5     MPO201709                             2005 RH52     2005 09 03  568  Canada-France Ecliptic Plane Survey
                           2005 RP43   38.300     148   6.1   20150627    8.4  346.3 344.3  23.0 0.588  93.034     5     MPO339386                             2005 RP43     2005 09 03  705  A. C. Becker, A. W. Puckett, J. Kubica
                           2005 RO43   13.868  44.096   7.3   20150627  323.1  326.3 198.2  35.5 0.521  28.982     8     MPO326974                             2005 RO43     2005 09 03  705  A. C. Becker, A. W. Puckett, J. Kubica
                           2005 PU21   29.194     317   6.3   20150627  356.0  228.1 192.5   6.2 0.831    173      6     MPO339385                             2005 PU21     2005 08 09  807
                           2005 PT21   35.806     113   7.4   20150627   22.7  106.9 177.2   7.9 0.518  74.300     4     MPO230205                             2005 PT21     2005 08 09  807
                           2005 LC54   36.226  98.415   6.7   20150627  344.3  236.6  65.6  22.4 0.462  67.321     4     MPO339384                             2005 LC54     2005 06 10  568  Canada-France Ecliptic Plane Survey
                           2005 EF304  38.556     137   7.3   20150627  358.2  198.0  15.5  18.7 0.560  87.551     5     MPO331243                             2005 EF304    2005 03 11  695  M. W. Buie
                           2005 EB299  25.450  80.094   8.2   20150627    4.6  177.2 351.5   0.7 0.518  52.772     5     MPO339383                             2005 EB299    2005 03 11  695  M. W. Buie
                           2005 CG81   41.117  67.532   6.1   20150627  335.9   56.1 134.6  26.1 0.243  54.325     4     MPO326970                             2005 CG81     2005 02 10  568  Canada-France Ecliptic Plane Survey
                           2004 XR190  51.292  64.011   4.3   20150627  277.6  282.2 252.4  46.6 0.110  57.652     7     MPO339383                             2004 XR190    2004 12 11  568
                           2004 XQ190  22.824  23.291  12.0   20041201  359.9  169.5 305.8   6.3 0.010  23.058  (  2d)   MPO 90213                             2004 XQ190    2004 12 12  568
                           2004 VM131  20.678     116   8.5   20150627   12.4  137.9 225.9  14.0 0.698  68.438     4     MPO252011                             2004 VM131    2004 11 09  568  Canada-France Ecliptic Plane Survey
                           2004 VH131  22.301  97.628   9.7   20150627   19.4  308.3  39.7  12.0 0.628  59.964     3     MPO201696                             2004 VH131    2004 11 09  568  Canada-France Ecliptic Plane Survey
                           2004 VG131  31.674  96.622   8.5   20150627   10.6  345.6  42.7  13.7 0.506  64.148     3     MPO201696                             2004 VG131    2004 11 09  568  Canada-France Ecliptic Plane Survey
                           2004 VU130  35.610  88.434   7.0   20150627   48.5  271.4  43.0   8.0 0.426  62.022     5     MPO201695                             2004 VU130    2004 11 09  568  P. A. Wiegert, A. Papadimos
                           2004 VT130   7.985  10.093  15.5   20041022  359.3    2.0  38.8  18.3 0.117   9.039  (  1d)   MPO170092                             2004 VT130    2004 11 09  568  P. A. Wiegert, A. Papadimos
                           2004 VP112   8.288   9.113  15.0   20041022  359.3  181.0 219.0   6.9 0.047   8.701  (  1d)   MPO138037                             2004 VP112    2004 11 09  568  P. A. Wiegert
                           2004 VN112  47.331     601   6.4   20150627    0.4  327.2  66.0  25.6 0.854    324      5     MPO331243                             2004 VN112    2004 11 06  807
                           2004 TT357  31.500  79.365   7.7   20150627    7.8  174.5 229.9   9.0 0.432  55.432     5     MPO235379                             2004 TT357    2004 10 15  695  M. W. Buie
                           2004 TF282  39.420     122   6.3   20150627    6.4  171.4 235.0  23.2 0.512  80.829     5     MPO230201                             2004 TF282    2004 10 15  695  M. W. Buie
                           2004 QH29   39.264  61.806   7.3   20150627  356.4   18.9 326.7  12.0 0.223  50.535     3     MPO331241                             2004 QH29     2004 08 19  568  Canada-France Ecliptic Plane Survey
                           2004 QQ26   19.506  26.417   9.6   20150627   48.7  355.1 197.5  21.4 0.150  22.961     7     MPO306946                             2004 QQ26     2004 08 17  568  D. J. Tholen
                           2004 PD112  43.577  85.013   6.1   20040912  317.7   44.7  17.0   6.7 0.322  64.295  ( 60d)   MPO 74321                             2004 PD112    2004 08 13  807  M. W. Buie
                           2004 PA108  29.195  78.683   6.3   20150627  331.4  294.7 136.3   1.1 0.459  53.939     2     MPO109052                             2004 PA108    2004 08 14  807  M. W. Buie
                           2004 OS15   38.105  72.892   7.2   20150627  353.5  202.7 123.6   4.3 0.313  55.498     5     MPO201685                             2004 OS15     2004 07 22  568  Canada-France Ecliptic Plane Survey
                           2004 OJ14   39.104  71.182   6.4   20150627   44.4  130.3 104.2  22.5 0.291  55.143     3     MPO121813                             2004 OJ14     2004 07 17  807  M. W. Buie
                           2004 MW8    22.314  44.395   8.5   20150627  319.7   94.7 289.6   8.2 0.331  33.355     4     MPO201685                             2004 MW8      2004 06 24  568  Canada-France Ecliptic Plane Survey
                           2004 LR31   12.597  43.772   9.3   20150627   13.3  133.8 163.5  16.7 0.553  28.185  ( 16d)   MPO124443                             2004 LR31     2004 06 06  644
                           2004 KZ18   34.243  76.864   8.5   20150627    5.1   10.8 232.1  22.6 0.384  55.554     3     MPO201684                             2004 KZ18     2004 05 24  568  P. A. Wiegert, A. Papadimos
                           2004 HQ79   36.530  90.964   7.8   20150627    7.4  173.3  37.2   6.5 0.427  63.747     4     MPO342212                             2004 HQ79     2004 04 26  568  Canada-France Ecliptic Plane Survey
                           2004 HO79   32.450  78.517   7.3   20150627   32.8  120.0  53.6   5.6 0.415  55.483     4     MPO201683                             2004 HO79     2004 04 22  568  Canada-France Ecliptic Plane Survey
                           2004 EG96   32.054  79.778   7.9   20150627    5.9   16.2 196.4  16.2 0.427  55.916     4     MPO202404                             2004 EG96     2004 03 14  695  M. W. Buie
                           2004 CJ39    6.715  19.204  14.0   20040205    7.3  127.7 334.8   3.6 0.482  12.959  ( 52d)   MPO 62494                             2004 CJ39     2004 02 14  691  Spacewatch
                           2003 YQ179  37.247     143   6.7   20150627  358.1   30.7 109.8  20.9 0.587  90.101     7     MPO230197                             2003 YQ179    2003 12 24  568
                           2003 UC414  16.327  73.545   8.3   20031117  335.8  285.8 160.8  25.9 0.637  44.936  ( 58d)   MPO124423                             2003 UC414    2003 10 30  807
                           2003 UY292  15.913  27.816  10.2   20031028    0.0   23.9  28.3   8.6 0.272  21.864  ( 29d)   MPO 58041                             2003 UY292    2003 10 23  695  M. W. Buie
                           2003 SS422  39.369     354   7.1   20031028  359.2  210.8 151.1  16.8 0.800    196   ( 76d)   MPO124411                             2003 SS422    2003 09 28  807
                           2003 QW113  26.259  75.288   7.7   20150627  336.6  254.4 160.3   6.9 0.483  50.774     5     MPO157385                             2003 QW113    2003 08 31  568
                           2003 QP112  14.184  28.074  12.7   20030918  290.5  106.8 332.1  31.2 0.329  21.129  ( 54d)   MPO 53763                             2003 QP112    2003 08 29  568  S. S. Sheppard, D. C. Jewitt, J. Kleyna
                           2003 QO112  16.545  50.118  11.9   20030918   29.1  276.6 334.3   7.0 0.504  33.331  ( 54d)   MPO 53763                             2003 QO112    2003 08 29  568  S. S. Sheppard, D. C. Jewitt, J. Kleyna
                           2003 QN112  16.743  33.488  12.9   20030918  341.9  220.1 148.5   7.9 0.333  25.115  ( 54d)   MPO 53763                             2003 QN112    2003 08 29  568  S. S. Sheppard, D. C. Jewitt, J. Kleyna
                           2003 QM112  13.170     154  14.1   20030918    0.2  179.0 148.3  16.4 0.842  83.398  ( 54d)   MPO 53763                             2003 QM112    2003 08 29  568  S. S. Sheppard, D. C. Jewitt, J. Kleyna
                           2003 QD112   7.951  30.035  11.0   20150627   74.4  273.9   0.7  14.5 0.581  18.993     4     MPO252002                             2003 QD112    2003 08 26  807  M. W. Buie
                           2003 QC112  17.379  26.760   8.7   20150627  275.2  329.0 158.2  16.7 0.213  22.070  ( 60d)   MPO 57933                             2003 QC112    2003 08 24  807  M. W. Buie
                           2003 QY91   31.955     133   7.7   20030809  360.0  189.9 169.0  26.2 0.613  82.498  (  1d)   MPO 50805                             2003 QY91     2003 08 23  807  M. W. Buie
                           2003 QK91   38.463  95.952   6.8   20150627  355.2   69.3 276.1   4.0 0.428  67.208     6     MPO339378                             2003 QK91     2003 08 25  807  M. W. Buie
                           2003 OS33   32.960     106   7.8   20030630    9.6  163.1 131.5  20.7 0.526  69.520  ( 57d)   MPO110979                             2003 OS33     2003 07 31  568
                           2003 LH7    12.002  21.925  12.5   20030521  359.8    4.4 244.8  21.2 0.292  16.964  (  1d)   MPO 50768                             2003 LH7      2003 06 01  807  M. W. Buie
                           2003 LA7    35.975     116   6.5   20150627  345.7  271.6  34.1   5.6 0.527  76.082     5     MPO157383                             2003 LA7      2003 06 01  807  M. W. Buie
                           2003 KQ20    8.515  12.610  13.1   20030521  359.7  357.7 252.1   5.7 0.194  10.563  (  1d)   MPO 50767                             2003 KQ20     2003 05 30  807  M. W. Buie
                           2003 HB57   38.090     289   7.4   20150627    1.1   10.7 197.8  15.5 0.767    164      4     MPO140115                             2003 HB57     2003 04 26  568
                           2003 FZ129  38.003  86.697   7.3   20150627    9.4  161.3  28.0   5.8 0.390  62.350     5     MPO339377                             2003 FZ129    2003 03 24  568
                           2003 FH129  27.721     116   8.3   20150627   20.1  297.2 171.6  18.7 0.614  71.737     5     MPO335165                             2003 FH129    2003 03 30  695  M. W. Buie
                           2002 VG131  12.550  25.660  11.3   20021122   33.6   99.8 213.4  21.2 0.343  19.105  ( 26d)   MPO158444                             2002 VG131    2002 11 09  695  M. W. Buie
                           2002 TK301  13.969  18.230  13.4   20020923  359.8  183.0 206.8  24.4 0.132  16.100  (  1d)   MPO 38499                             2002 TK301    2002 10 06  568  D. Kinoshita, K. Muroi
                           2002 QX47   15.915  34.778   8.7   20150627   55.9    3.3 276.1   7.3 0.372  25.346     6     MPO273870                             2002 QX47     2002 08 26  644  C. A. Trujillo, M. E. Brown
                           2002 PQ152  20.914  30.493   8.6   20150627   47.7  355.1 324.9   9.4 0.186  25.704     5     MPO339373                             2002 PQ152    2002 08 12  807  M. W. Buie
                           2002 GP32   32.000  79.124   6.9   20150627    7.9  110.4 124.0   1.6 0.424  55.562     6     MPO202389                             2002 GP32     2002 04 06  807  M. W. Buie
                           2002 GB32   35.343     394   7.8   20150627    0.2   36.9 177.0  14.2 0.835    214      5     MPO339371                             2002 GB32     2002 04 07  807  M. W. Buie
                           2002 GA32   35.036  68.986   7.7   20150627  335.6   67.4 244.7  15.1 0.326  52.011     4     MPO157365                             2002 GA32     2002 04 06  807  M. W. Buie
                           2002 FY36   25.654  32.284   8.4   20020327    0.1  194.1 332.8   5.4 0.114  28.969  ( 51d)   MPO 31990                             2002 FY36     2002 03 18  695  M. W. Buie
                           2002 CB249  13.899  42.943   9.8   20020215    0.0  168.2 353.5  14.0 0.511  28.421  ( 35d)   MPO 27862                             2002 CB249    2002 02 07  695  M. W. Buie
                           2002 CA249  12.744  28.681  12.0   20020215    0.1  182.4 313.6   6.4 0.385  20.713  ( 37d)   MPO 27862                             2002 CA249    2002 02 06  695  M. W. Buie
                           2002 CZ248  32.510  74.565   8.0   20150627   31.2  311.8 135.1   5.5 0.393  53.538     5     MPO273868                             2002 CZ248    2002 02 06  695  M. W. Buie
                           2002 CP154  42.071  63.207   6.5   20150627   27.7   46.0  66.7   1.5 0.201  52.639     2     MPO277884                             2002 CP154    2002 02 06  695  M. W. Buie
                           2001 XZ255  15.529  16.492  11.1   20150627  171.6  286.1  77.8   2.6 0.030  16.011     2     MPO 48174                             2001 XZ255    2001 12 11  568  J. Kleyna, S. S. Sheppard, D. C. Jewitt
                           2001 XQ254  31.076  80.965   7.5   20150627    5.3   10.8 107.2   7.1 0.445  56.021     4     MPO150915                             2001 XQ254    2001 12 10  568  D. C. Jewitt, S. S. Sheppard, J. Kleyna
                           2001 QX322  35.576  80.144   6.1   20150627   31.0   65.1 254.9  28.5 0.385  57.860     7     MPO339368                             2001 QX322    2001 08 19  950  P. Groot, G. A. Esquerdo, D. A. Schuster
                           2001 OM109  34.536     102   7.9   20150627   34.5  291.1 306.9   3.6 0.494  68.210     4     MPO157350                             2001 OM109    2001 07 26  568  J.-M. Petit, J. J. Kavelaars, M. J. Holman, B. Gladman
                           2001 OT108  32.428     101   9.2   20010710  360.0  177.3 129.3   1.4 0.516  66.951  (  1d)   MPO 16127                             2001 OT108    2001 07 25  568  B. Gladman
                           2001 KG77   33.946  89.389   8.1   20150627    2.1   15.2 250.5  15.5 0.450  61.668     3     MPO 48035                             2001 KG77     2001 05 23  807  M. W. Buie
                           2001 KZ76   38.220     120   7.8   20010531   10.3  137.1  41.9  25.7 0.516  78.997  ( 17d)   MPO 14451                             2001 KZ76     2001 05 24  807  M. W. Buie
                           2001 KG76   33.934  69.428   6.2   20150627   59.8   64.1  96.0   1.6 0.343  51.681     4     MPO157350                             2001 KG76     2001 05 22  807  M. W. Buie
                           2001 FN194  34.989  98.918   8.3   20010312  360.0  181.9   0.1   7.4 0.477  66.954  (  9d)   MPO 30455                             2001 FN194    2001 03 22  695
                           2001 FM194  34.323  74.543   7.6   20150627  353.1   43.9 181.7  28.6 0.369  54.433     6     MPO339367                             2001 FM194    2001 03 22  695
                           2001 FK194  28.010     125   8.9   20010312  360.0  358.5 182.6   8.8 0.633  76.325  (  8d)   MPO 41681                             2001 FK194    2001 03 22  695
                           2001 FJ194  36.993  95.012   7.6   20010312  360.0  175.1   5.7  10.4 0.440  66.002  (  9d)   MPO 30455                             2001 FJ194    2001 03 22  695
                           2001 FL193  40.233  60.102   8.7   20150627   15.3  107.4  74.7   1.0 0.198  50.167     2     MPO340102                             2001 FL193    2001 03 27  695  R. L. Allen, G. Bernstein, R. Malhotra
                           2000 YY1    29.800  97.981   7.1   20150627  340.6  292.6 209.7   7.9 0.534  63.891     2     MPO 22759                             2000 YY1      2000 12 17  695  M. J. Holman, B. Gladman, T. Grav
                           2000 WW12   30.841  75.834   7.6   20150627  340.8  328.8 161.8   2.5 0.422  53.337     2     MPO249860                             2000 WW12     2000 11 24  809  B. Gladman, J.-M. Petit
                           2000 SU331  31.515  88.205   9.5   20000913  360.0  319.6  98.2   3.5 0.474  59.860  (  1d)   MPO  6409                             2000 SU331    2000 09 23  568  B. Gladman
                           2000 SS331  30.481  96.885   9.5   20000913  360.0  272.8 146.7   3.0 0.521  63.683  (  1d)   MPO  6409                             2000 SS331    2000 09 23  568  B. Gladman
                           2000 SR331  31.165  80.342   8.9   20150627    7.6  239.5 194.7   4.3 0.441  55.753     4     MPO331226                             2000 SR331    2000 09 23  568  B. Gladman
                           2000 SQ331  20.473     119  10.7   20000913  360.0  332.5  86.0   5.4 0.707  69.807  (  1d)   MPO  6409                             2000 SQ331    2000 09 23  568  B. Gladman
                           2000 SM331  32.300  82.417   9.0   20000913  360.0  346.3  72.3  12.0 0.437  57.358  (  1d)   MPO  6409                             2000 SM331    2000 09 23  568  B. Gladman
                           2000 QK226  37.233  96.756   8.9   20000824  360.0  180.5 158.2  24.9 0.444  66.994  (  5d)   MPO 41668                             2000 QK226    2000 08 29  809  O. R. Hainaut, C. E. Delahodde
                           2000 PS30   34.981  93.940   8.8   20000804    0.0  243.5  72.9   2.8 0.457  64.460  (  1d)   MPO  4979                             2000 PS30     2000 08 07  809  B. Gladman, J.-M. Petit
                           2000 PH30   38.287     114   7.8   20150627  346.3  241.8 127.3   8.1 0.498  76.213     4     MPO137919                             2000 PH30     2000 08 05  568  M. J. Holman
                           2000 PF30   37.852     114   7.9   20150627   18.1  336.9 293.7   6.3 0.502  75.996     4     MPO157344                             2000 PF30     2000 08 05  568  M. J. Holman
                           2000 PE30   35.681  72.485   6.1   20150627   27.4  147.0 127.4  18.4 0.340  54.083     7     MPO224582                             2000 PE30     2000 08 05  568  M. J. Holman
                           2000 GQ148   5.105   7.718  13.2   20150627    3.3  150.5 355.1  16.3 0.204   6.412     6     MPO339367                             2000 GQ148    2000 04 05  704  LINEAR
                           2000 GK147  30.963  83.714   9.2   20000406   13.4  141.9   1.6   6.1 0.460  57.338  ( 35d)   MPO104136                             2000 GK147    2000 04 02  568  C. A. Trujillo, S. S. Sheppard, D. C. Jewitt
                           2000 GM137   6.940   8.837  14.4   20150627  219.3  122.6  89.7  15.8 0.120   7.888     4     MPO315178                             2000 GM137    2000 04 02  568  S. S. Sheppard, D. C. Jewitt, C. A. Trujillo
                           2000 FZ53   12.367  35.201  11.4   20150627   74.3  291.5 202.3  34.8 0.480  23.784     3     MPO 41625                             2000 FZ53     2000 03 31  568  S. S. Sheppard, D. C. Jewitt, C. A. Trujillo
                           2000 CQ105  34.744  80.269   6.1   20150627  321.2  102.4 130.6  19.6 0.396  57.506     5     MPO339366                             2000 CQ105    2000 02 05  695  M. W. Buie
                           2000 CP105  34.478     132   7.7   20000206  359.7    1.9 133.1  19.4 0.585  83.164  ( 21d)   MPC 39601                             2000 CP105    2000 02 05  695  M. W. Buie
                           2000 CO104  20.616  27.823  10.0   20150627   56.7  139.1 353.2   3.1 0.149  24.219     4     MPO339366                             2000 CO104    2000 02 06  695  M. W. Buie
                           1999 RJ215  34.670  83.286   7.4   20150627    6.7   43.6 315.0  19.7 0.412  58.978     5     MPO230178                             1999 RJ215    1999 09 07  568  C. A. Trujillo, D. C. Jewitt, J. X. Luu
                           1999 RZ214  36.718     132   7.8   20150627   17.0  114.4 214.5  20.5 0.564  84.132     3     MPO 68549                             1999 RZ214    1999 09 06  568  C. A. Trujillo, J. X. Luu, D. C. Jewitt
                           1999 RU214  36.555  74.344   7.3   20150627   54.5  107.0 137.9   4.3 0.341  55.449     4     MPO230178                             1999 RU214    1999 09 06  568  C. A. Trujillo, D. C. Jewitt, J. X. Luu
                           1999 JV127  10.719  22.729  10.4   19990502  179.4    0.1   3.1  25.5 0.359  16.724  (  8d)   MPC 35120                             1999 JV127    1999 05 10  807  R. L. Allen, G. Bernstein
                           1999 HD12    8.923  34.139  12.8   20150627   81.5  289.4 177.5  10.1 0.586  21.531  ( 50d)   MPO261750                             1999 HD12     1999 04 17  695  M. W. Buie, R. L. Millis
                           1999 DP8    34.741     197   8.9   19990211   13.9  283.5 136.9  38.4 0.700    116   (  1d)   MPC 38800                             1999 DP8      1999 02 16  568  B. Gladman, J. J. Kavelaars, A. Morbidelli, M. J. Holman
                           1999 DG8    33.012     131   8.1   19990211   33.6   72.7 323.0  40.0 0.598  82.215  (  1d)   MPC 35444                             1999 DG8      1999 02 16  568  B. Gladman, J. J. Kavelaars, A. Morbidelli, M. J. Holman
                           1999 CF119  38.712     142   7.4   20150627    2.0  200.1 303.4  19.7 0.572  90.359     5     MPO273863                             1999 CF119    1999 02 11  568  J. X. Luu, C. A. Trujillo, D. C. Jewitt
                           1999 CZ118  37.541     201   7.9   20150627  355.6  236.3 345.1  27.7 0.685    119      4     MPO140084                             1999 CZ118    1999 02 10  568  D. C. Jewitt, C. A. Trujillo, J. X. Luu
                           1999 CY118  34.614     149   8.7   20150627    4.0   15.1 163.1  25.5 0.623  91.801     4     MPO331225                             1999 CY118    1999 02 10  568  D. C. Jewitt, C. A. Trujillo, J. X. Luu
                           1998 XY95   37.246  92.417   6.2   20150627  348.5   89.6  47.4   6.7 0.425  64.831     5     MPO206039                             1998 XY95     1998 12 12  950  A. Fitzsimmons, E. Fletcher
                           1996 RX33   19.009  28.728   9.3   19960914    0.0  200.5 145.4   9.4 0.204  23.868  ( 13d)   MPO  3876                             1996 RX33     1996 09 08  691  A. Gleason
                           1996 AS20   13.565  58.009   9.3   19960118    9.7  265.5 183.7  10.6 0.621  35.787  ( 13d)   MPO  6192                             1996 AS20     1996 01 14  691  A. Gleason
                           1996 AR20    5.691  24.893  14.0   20150627  125.5  108.4 329.8   6.2 0.628  15.292  ( 13d)   MPO261748                             1996 AR20     1996 01 12  691  A. Gleason
                           1995 SN55    7.938  39.190   6.0   19950920  180.2   49.3 144.6   5.0 0.663  23.564  ( 36d)   MPC 35068                             1995 SN55     1995 09 20  691  A. Gleason
                           1994 TA     11.761  21.816  11.5   20150627  162.1  153.7 137.7   5.4 0.299  16.789     5     MPC 33073                             1994 TA       1994 10 02  568  J. Chen, D. C. Jewitt
(437360)                   2013 TV158  36.454     186   6.3   20150627  357.8  232.3 181.1  31.2 0.672    111      4     MPO336281  (437360)                   2013 TV158    2013 08 12* W84  Pan-STARRS 1
(437313)                   2013 EK73    5.391  20.680  13.2   20150627   13.1   49.4 141.2   9.0 0.586  13.036     4     MPO342199  (437313)                   2013 EK73     2012 02 24* G96  Mt. Lemmon Survey
(434390)                   2005 CH81   37.625  73.961   8.2   20150627    8.4   15.7 122.8   5.1 0.326  55.793     5     MPO335527  (434390)                   2005 CH81     2005 02 10* 568  Canada-France Ecliptic Plane Survey
(433873)                   2015 BQ311   5.056   9.190  12.3   20150627  146.7  221.8 117.0  24.5 0.290   7.123    10     MPO339364  (433873)                   2015 BQ311    2006 06 03* F51  Mt. Lemmon Survey
(427507)                   2002 DH5    13.991  30.218  10.1   20150627   58.8  328.0 156.9  22.5 0.367  22.104     5     MPO327345  (427507)                   2002 DH5      2002 02 20  691  Spacewatch
(418993)                   2009 MS9    11.003     685   9.9   20150627    0.1  128.7 220.2  68.0 0.968    348      4     MPO339290  (418993)                   2009 MS9      2009 06 25  568  J.-M. Petit, B. Gladman, J. J. Kavelaars
(413666)                   2005 VJ119  11.269  59.568  10.7   20150627   11.1  245.9 301.4   7.0 0.682  35.418     7     MPO311735  (413666)                   2005 VJ119    2005 11 07  568  F. Bernardi
(395699)                   2012 GN12    9.454  20.836  10.7   20150627   33.6  171.7 350.8  12.6 0.376  15.145     9     MPO339282  (395699)                   2012 GN12     2008 01 01* F51  Spacewatch
(389820)                   2011 WU92    5.560  12.345  13.1   20150627   24.8   23.0 101.5   6.4 0.379   8.953     5     MPO339267  (389820)                   2011 WU92     2010 10 12* 691  Mt. Lemmon Survey
(386968)                   2012 BR61   11.677  31.831   9.5   20150627  355.7  158.0  24.4   2.0 0.463  21.754     6     MPO339250  (386968)                   2012 BR61     2008 12 30* 691  Spacewatch
(385607)                   2005 EO297  41.174  85.579   7.2   20150627   13.4  349.6 144.0  25.0 0.350  63.376     5     MPO282101  (385607)                   2005 EO297    2005 03 11  695  M. W. Buie
(385528)                   2004 OR15   37.178  74.829   7.5   20150627    6.4   12.7 285.2   6.9 0.336  56.003     6     MPO282079  (385528)                   2004 OR15     2004 07 22  568  Canada-France Ecliptic Plane Survey
(382004)                   2010 RM64    6.169  33.707  11.2   20150627   10.8  291.8 113.9  27.0 0.691  19.938     5     MPO331110  (382004)                   2010 RM64     2010 09 09  809  D. L. Rabinowitz, M. Schwamb, S. Tourtellotte
(353222)                   2009 YD7    13.383     241  10.0   20150627    0.4  326.9 126.1  30.8 0.895    127      4     MPO249684  (353222)                   2009 YD7      2009 12 16  809  D. L. Rabinowitz
(349933)                   2009 YF7     6.513  17.715  10.9   20150627  332.9   89.3  97.5  31.0 0.462  12.114     5     MPO334874  (349933)                   2009 YF7      2009 12 19  809  D. L. Rabinowitz
(346889) Rhiphonos         2009 QV38    6.024  15.615  11.8   20150627   53.8   13.6  11.5  19.9 0.443  10.819     5     MPO326627  (346889) Rhiphonos         2009 QV38     2009 08 28  114  T. V. Kryachko
(342842)                   2008 YB3     6.500  16.737   9.3   20150627   39.2  330.8 112.5 105.0 0.441  11.619     6     MPO334845  (342842)                   2008 YB3      2008 12 18  E12  Siding Spring Survey
(341275)                   2007 RG283  15.269  24.597   8.6   20150627  329.6  149.5 311.9  28.8 0.234  19.933     8     MPO321808  (341275)                   2007 RG283    2007 09 15  675  Palomar
(336756)                   2010 NV1     9.413     639  10.6   20150627    0.3  132.9 136.2 140.8 0.971    324      6     MPO311027  (336756)                   2010 NV1      2010 07 01  C51  WISE
(332685)                   2009 HH36    7.041  18.281  10.7   20150627   14.5  240.0  72.2  23.3 0.444  12.661     5     MPO306763  (332685)                   2009 HH36     2009 04 19  691  Spacewatch
(330836) Orius             2009 HW77   12.457  30.524   9.9   20150627   30.4  140.6  50.4  17.9 0.420  21.491     7     MPO339002  (330836) Orius             2009 HW77     2009 04 25  069  K. Cernis, I. Eglitis
(328884)                   2010 LJ109   9.102  17.326  10.2   20150627   40.6  136.2  41.6  24.8 0.311  13.214     6     MPO297635  (328884)                   2010 LJ109    2010 02 17* C51  Mt. Lemmon Survey
(316179)                   2010 EN65   21.124  40.610   6.9   20150627   41.9  226.0 234.4  19.2 0.316  30.867    12     MPO260660  (316179)                   2010 EN65     2010 03 07  809  D. Rabinowitz, S. Tourtellotte
(315898)                   2008 QD4     5.452  11.381  11.3   20150627   71.4   69.0 344.7  42.0 0.352   8.416     7     MPO338977  (315898)                   2008 QD4      2008 08 25  J75  OAM
(310071)                   2010 KR59   12.998  47.520   7.8   20150627   11.4  108.5  46.8  19.7 0.570  30.259     8     MPO338972  (310071)                   2010 KR59     2010 05 18  C51  WISE
(309741)                   2008 UZ6    10.582  44.338  10.7   20150627   10.2  200.0 240.7  35.8 0.615  27.460     5     MPO264777  (309741)                   2008 UZ6      2008 10 22  691  Spacewatch
(309737)                   2008 SJ236   6.178  15.782  12.3   20150627   55.6  183.4 234.5   6.0 0.437  10.980     8     MPO288199  (309737)                   2008 SJ236    2008 09 29  691  Spacewatch
(309239)                   2007 RW10   21.138  39.208   6.6   20150627   65.7   95.8 187.1  36.2 0.299  30.173     8     MPO338971  (309239)                   2007 RW10     2007 09 09  675  Palomar
(309139)                   2006 XQ51    9.933  21.873   9.8   20150627   71.0  135.0 233.9  31.6 0.375  15.903     7     MPO288199  (309139)                   2006 XQ51     2006 12 14  G96  Mt. Lemmon Survey
(308933)                   2006 SQ372  24.161    1445   8.0   20150627    0.2  122.4 197.4  19.5 0.967    734      5     MPO338971  (308933)                   2006 SQ372    2006 09 27  705  A. C. Becker, A. W. Puckett, J. Kubica
(307982)                   2004 PG115  36.386     142   4.9   20150627    5.2   75.5 230.4  16.3 0.593  89.370     6     MPO241767  (307982)                   2004 PG115    2004 08 04  644  Palomar
(305543)                   2008 QY40   36.810  86.491   5.2   20150627  353.9  332.0  43.2  25.2 0.403  61.651     4     MPO209375  (305543)                   2008 QY40     2008 08 25  675  M. E. Schwamb, M. E. Brown, D. Rabinowitz
(303775)                   2005 QU182  36.859     184   3.5   20150627   13.7  223.8  78.4  14.0 0.667    111     10     MPO208925  (303775)                   2005 QU182    2005 08 30  644  Palomar
(281371)                   2008 FC76   10.175  19.235   9.2   20150627    8.1  142.1 245.7  27.1 0.308  14.705     7     MPO321515  (281371)                   2008 FC76     2008 03 31  G96  Mt. Lemmon Survey
(250112)                   2002 KY14    8.631  16.499   9.7   20150627   49.4   99.7 245.4  19.5 0.313  12.565     9     MPO338753  (250112)                   2002 KY14     2002 05 19  675  C. A. Trujillo, M. E. Brown
(248835)                   2006 SX368  11.959  32.138   9.5   20150627   17.7   70.7 280.1  36.3 0.458  22.049     7     MPO241561  (248835)                   2006 SX368    2006 09 16  705  A. C. Becker, A. W. Puckett, J. Kubica
(241097)                   2007 DU112   9.027  72.368  11.1   20150627   12.4  348.5 187.0  15.7 0.778  40.698     5     MPO175808  (241097)                   2007 DU112    2007 02 23  691  Spacewatch
(229762)                   2007 UK126  37.497     110   3.5   20150627  342.5  346.5 131.3  23.3 0.492  73.791    13     MPO338643  (229762)                   2007 UK126    2007 10 19  675  Palomar
(225088)                   2007 OR10   33.004     101   2.0   20150627  104.0  206.7 336.8  30.9 0.507  66.880     8     MPO211433  (225088)                   2007 OR10     2007 07 17  675  M. E. Schwamb, M. E. Brown, D. Rabinowitz
(187661)                   2007 JG43   14.254  33.618   9.3   20150627   25.3  173.5  62.5  33.1 0.404  23.936     6     MPO138800  (187661)                   2007 JG43     2007 05 10  675  M. E. Schwamb, M. E. Brown, D. Rabinowitz
(184212)                   2004 PB112  35.343     178   7.3   20150627    1.2    3.8 356.8  15.5 0.668    107      5     MPO338424  (184212)                   2004 PB112    2004 08 13  807  M. W. Buie
(183964)                   2004 DJ71   32.740  74.548   7.4   20150627  359.5   56.3 101.6  11.3 0.390  53.644     6     MPO157328  (183964)                   2004 DJ71     2004 02 26  695  M. W. Buie
(182933)                   2002 GZ31   38.383  62.737   6.4   20150627  335.9  163.7 117.2   1.1 0.241  50.560     5     MPO186770  (182933)                   2002 GZ31     2002 04 06  807  M. W. Buie
(182397)                   2001 QW297  39.372  63.497   5.9   20150627   66.2  107.4 141.1  17.1 0.235  51.435     5     MPO157328  (182397)                   2001 QW297    2001 08 20  807  M. W. Buie
(182223)                   2000 YC2    36.122  80.990   7.5   20150627   29.9  146.5 227.7  19.9 0.383  58.556     4     MPO136227  (182223)                   2000 YC2      2000 12 17  695  M. J. Holman, B. Gladman, T. Grav
(181902)                   1999 RD215  37.620     205   7.4   20150627    7.1  138.2 210.3  26.0 0.690    121      4     MPO136118  (181902)                   1999 RD215    1999 09 06  568  C. A. Trujillo, J. X. Luu, D. C. Jewitt
(181874)                   1999 HW11   39.156  66.813   6.8   20150627   40.0  324.6 198.4  17.2 0.261  52.985     5     MPO186768  (181874)                   1999 HW11     1999 04 18  695  Kitt Peak
(181867)                   1999 CV118  37.590  68.894   7.4   20150627   30.4  148.9 305.6   5.5 0.294  53.242     6     MPO338413  (181867)                   1999 CV118    1999 02 10  568  D. C. Jewitt, C. A. Trujillo, J. X. Luu
(160427)                   2005 RL43   23.497  25.509   8.3   20150627   70.8  170.7 162.6  12.3 0.041  24.503     7     MPO211194  (160427)                   2005 RL43     2005 09 03  705  A. C. Becker, A. W. Puckett, J. Kubica
(160148)                   2001 KV76   34.387     105   7.8   20150627  353.2  228.7  39.6  15.3 0.507  69.779     4     MPO121425  (160148)                   2001 KV76     2001 05 24  807  M. W. Buie
(149560)                   2003 QZ91   21.687  61.015   8.1   20150627   32.6  137.0 130.9  34.9 0.476  41.351     4     MPO157316  (149560)                   2003 QZ91     2003 08 24  807  M. W. Buie
(148975)                   2001 XA255   9.334  48.665  11.1   20150627   11.6   90.4 105.9  12.6 0.678  29.000     9     MPO232108  (148975)                   2001 XA255    2001 12 09  568  D. C. Jewitt, S. S. Sheppard, J. Kleyna
(148209)                   2000 CR105  44.268     413   6.3   20150627    5.2  317.2 128.2  22.7 0.806    229      6     MPO338257  (148209)                   2000 CR105    2000 02 06  695  M. W. Buie
(145486)                   2005 UJ438   8.277  27.280  10.8   20150627   23.9  208.5 263.0   3.8 0.534  17.778    13     MPO333906  (145486)                   2005 UJ438    2005 10 28  691  Spacewatch
(145480)                   2005 TB190  46.196     104   4.6   20150627  359.2  171.6 180.4  26.5 0.386  75.195    10     MPO338242  (145480)                   2005 TB190    2005 10 11  705  A. C. Becker, A. W. Puckett, J. Kubica
(145474)                   2005 SA278  33.018     152   6.2   20150627  351.3  277.2 170.4  16.3 0.643  92.481    10     MPO338242  (145474)                   2005 SA278    2005 09 27  705  A. C. Becker, A. W. Puckett, J. Kubica
(145451)                   2005 RM43   35.131     146   4.4   20150627    4.4  318.6  84.6  28.7 0.613  90.732    13     MPO333906  (145451)                   2005 RM43     2005 09 09  705  A. C. Becker, A. W. Puckett, J. Kubica
(143707)                   2003 UY117  32.483  78.357   6.1   20150627    9.3  112.6 265.2   7.5 0.414  55.420     9     MPO320560  (143707)                   2003 UY117    2003 10 22  691  Spacewatch
(136204)                   2003 WL7    14.965  25.494   8.6   20150627   16.3   71.1   4.8  11.2 0.260  20.230    11     MPO320501  (136204)                   2003 WL7      2003 11 16  291  Spacewatch
(136199) Eris              2003 UB313  37.827  97.634  -1.2   20150627  204.3  151.1  35.9  44.1 0.442  67.730    23     MPO329951  (136199) Eris              2003 UB313    2003 10 21  644  M. E. Brown, C. A. Trujillo, D. L. Rabinowitz
(136120)                   2003 LG7    32.392  92.301   7.9   20150627   13.8  342.0 238.3  20.1 0.480  62.347     5     MPO329949  (136120)                   2003 LG7      2003 06 01  807  M. W. Buie
(135571)                   2002 GG32   35.874  74.912   7.2   20150627  353.0  230.6  35.7  14.7 0.352  55.393     4     MPO157308  (135571)                   2002 GG32     2002 04 08  807  M. W. Buie
(134210)                   2005 PQ21   37.619  85.615   6.8   20150627    5.8   22.1 316.4   6.5 0.389  61.617     7     MPO338171  (134210)                   2005 PQ21     2005 08 09  807  Cerro Tololo
(131696)                   2001 XT254  35.892  70.988   7.4   20150627  359.5  133.2 359.6   0.5 0.328  53.440     5     MPO273203  (131696)                   2001 XT254    2001 12 09  568  S. S. Sheppard, J. Kleyna, D. C. Jewitt
(127546)                   2002 XU93   21.004     114   8.0   20150627    4.3   28.2  90.3  77.9 0.690  67.703     7     MPO198805  (127546)                   2002 XU93     2002 12 04  695  M. W. Buie
(126619)                   2002 CX154  38.013     106   7.1   20150627   12.2  161.6 346.9  15.9 0.474  72.237     5     MPO140080  (126619)                   2002 CX154    2002 02 06  695  M. W. Buie
(121725)                   1999 XX143   9.723  26.270   8.6   20150627  198.0  215.8 103.7   6.8 0.460  17.997     5     MPO338109  (121725)                   1999 XX143    1999 12 13  696  C. W. Hergenrother
(120061)                   2003 CO1    10.907  30.598   8.9   20150627   33.6  116.2  78.5  19.7 0.474  20.752    10     MPO338101  (120061)                   2003 CO1      2003 02 01  644  NEAT
(119976)                   2002 VR130  14.767  33.297  11.1   20150627   30.3  219.1 181.9   3.5 0.386  24.032     6     MPO329845  (119976)                   2002 VR130    2002 11 07  695  M. W. Buie
(119878)                   2002 CY224  35.311  73.451   6.1   20150627   21.7  152.2 317.0  15.7 0.351  54.381     7     MPO338100  (119878)                   2002 CY224    2002 02 07  695  M. W. Buie
(119315)                   2001 SQ73   14.445  20.511   9.6   20150627  110.3  304.3  16.3  17.4 0.174  17.478     5     MPO157301  (119315)                   2001 SQ73     2001 09 19  691  Spacewatch
(119068)                   2001 KC77   35.382  74.935   6.7   20150627   13.0  179.7  57.8  12.9 0.359  55.159     4     MPO 88168  (119068)                   2001 KC77     2001 05 23  807  M. W. Buie
(118702)                   2000 OM67   39.184     156   6.8   20150627   10.0  348.5 327.2  23.4 0.598  97.423     5     MPO157301  (118702)                   2000 OM67     2000 07 31  807  M. W. Buie, S. D. Kern
 (95626)                   2002 GZ32   18.016  28.205   7.1   20150627  347.0  154.8 107.2  15.0 0.220  23.111    15     MPO341263   (95626)                   2002 GZ32     2002 04 13  568  Mauna Kea
 (95625)                   2002 GX32   33.076  73.422   7.4   20150627   17.2  185.7  28.1  13.9 0.379  53.249     5     MPO157288   (95625)                   2002 GX32     2002 04 08  807  M. W. Buie, A. B. Jordan, J. L. Elliot
 (91554)                   1999 RZ215  30.948     170   7.9   20150627    6.0  335.5 341.7  25.6 0.693    101      6     MPO157287   (91554)                   1999 RZ215    1999 09 08  568  J. X. Luu, C. A. Trujillo, D. C. Jewitt
 (90377) Sedna             2003 VB12   76.066     954   1.5   20150627  358.1  311.4 144.6  11.9 0.852    515     12     MPO320092   (90377) Sedna             2003 VB12     2003 11 14  675  M. E. Brown, C. A. Trujillo, D. L. Rabinowitz
 (88269)                   2001 KF77   19.786  32.141   9.5   20150627  354.9  266.0  14.6   4.4 0.238  25.964     5     MPO157286   (88269)                   2001 KF77     2001 05 22  807  M. W. Buie
 (87555)                   2000 QB243  15.212  54.305   8.3   20150627   40.8  284.1 330.2   6.8 0.562  34.758     5     MPO164103   (87555)                   2000 QB243    2000 08 25  807  Cerro Tololo
 (87269)                   2000 OO67   20.780    1038   9.2   20150627    0.3  212.4 142.4  20.1 0.961    529      5     MPO157286   (87269)                   2000 OO67     2000 07 29  807  Cerro Tololo
 (84522)                   2002 TC302  38.991  71.736   3.8   20150627  321.8   87.0  23.9  35.1 0.296  55.364    10     MPO276047   (84522)                   2002 TC302    2002 10 09  644  Palomar
 (83982) Crantor           2002 GO9    14.014  24.752   8.8   20150627   55.4   92.6 117.4  12.8 0.277  19.383     9     MPO302490   (83982) Crantor           2002 GO9      2002 04 12  644  NEAT
 (82158)                   2001 FP185  34.244     414   6.2   20150627    1.2    6.9 179.3  30.8 0.847    224      8     MPO337875   (82158)                   2001 FP185    2001 03 26  695  M. W. Buie
 (82155)                   2001 FZ173  32.399     141   6.1   20150627    2.1  199.2   2.4  12.7 0.626  86.580     7     MPO337875   (82155)                   2001 FZ173    2001 03 24  691  Spacewatch
 (82075)                   2000 YW134  41.229  75.359   4.9   20150627   29.1  317.1 126.9  19.8 0.293  58.294     9     MPO325024   (82075)                   2000 YW134    2000 12 26  691  Spacewatch
 (79978)                   1999 CC158  39.191  69.415   5.7   20150627   41.6  102.5 337.0  18.7 0.278  54.303     8     MPO337859   (79978)                   1999 CC158    1999 02 15  568  D. C. Jewitt, C. A. Trujillo, J. X. Luu, S. S. Sheppard
 (73480)                   2002 PN34   13.325  48.288   8.5   20150627   28.7  358.2 299.3  16.6 0.567  30.806    10     MPO313943   (73480)                   2002 PN34     2002 08 06  644  NEAT
 (69988)                   1998 WA31   31.574  78.582   7.4   20150627   42.8  309.6  20.8   9.5 0.427  55.078     5     MPO337790   (69988)                   1998 WA31     1998 11 18  695  M. W. Buie
 (65489) Ceto              2003 FX128  17.829     187   6.4   20150627    9.0  320.0 171.9  22.3 0.826    103     14     MPO337762   (65489) Ceto              2003 FX128    2003 03 22  644  C. A. Trujillo, M. E. Brown
 (63252)                   2001 BL41    6.858  12.608  11.7   20150627  206.6  132.3 281.0  12.5 0.295   9.733     4     MPO 45478   (63252)                   2001 BL41     2001 01 19  691  Spacewatch
 (60621)                   2000 FE8    33.082  78.488   6.9   20150627   28.5  143.7   3.9   5.9 0.407  55.785     5     MPO157275   (60621)                   2000 FE8      2000 03 27  568  J. J. Kavelaars, B. Gladman, J.-M. Petit, M. J. Holman
 (60608)                   2000 EE173  22.591  77.070   8.5   20150627    8.4  235.6 294.0   5.9 0.547  49.830     7     MPO337733   (60608)                   2000 EE173    2000 03 03  695  J. X. Luu, C. A. Trujillo, W. Evans
 (60558) Echeclus          2000 EC98    5.817  15.548   9.6   20150627    1.9  162.9 173.3   4.3 0.455  10.682    17     MPO341090   (60558) Echeclus          2000 EC98     2000 03 03  691  Spacewatch
 (60458)                   2000 CM114  35.513  84.744   6.7   20150627  340.2  251.0 312.3  19.7 0.409  60.128     7     MPO337732   (60458)                   2000 CM114    2000 02 05  695  M. W. Buie
 (55576) Amycus            2002 GB10   15.171  34.962   7.8   20150627   35.6  239.1 315.4  13.4 0.395  25.066     9     MPO130071   (55576) Amycus            2002 GB10     2002 04 08  644  NEAT
 (54598) Bienor            2000 QC243  13.164  19.823   7.5   20150627  292.5  152.9 337.9  20.8 0.202  16.494    15     MPO337692   (54598) Bienor            2000 QC243    2000 08 27  807  Deep Ecliptic Survey
 (54520)                   2000 PJ30   28.517     216   8.0   20150627   11.4  303.4 293.3   5.7 0.766    122      4     MPO 39448   (54520)                   2000 PJ30     2000 08 05  568  M. J. Holman
 (52975) Cyllarus          1998 TF35   16.335  36.111   9.4   20150627   69.1  301.5  52.0  12.6 0.377  26.223     5     MPO157273   (52975) Cyllarus          1998 TF35     1998 10 12  691  N. Danzl
 (52872) Okyrhoe           1998 SG35    5.784  10.906  10.8   20150627  110.8  337.7 173.0  15.7 0.307   8.345    15     MPO263768   (52872) Okyrhoe           1998 SG35     1998 09 19  691  Spacewatch
 (49036) Pelion            1998 QM107  17.242  22.633  10.4   20150627   92.4  152.4 127.1   9.4 0.135  19.937     6     MPO157272   (49036) Pelion            1998 QM107    1998 08 21  568  R. J. Whiteley, D. J. Tholen
 (48639)                   1995 TL8    40.123  64.680   5.4   20150627   41.9   84.1 261.0   0.2 0.234  52.401     6     MPO153992   (48639)                   1995 TL8      1995 10 15  691  A. Gleason
 (44594)                   1999 OX3    17.571  46.652   7.3   20150627  342.8  144.6 259.2   2.6 0.453  32.112    12     MPO337615   (44594)                   1999 OX3      1999 07 21  568  J. J. Kavelaars, B. Gladman, M. J. Holman, J.-M. Petit
 (42355) Typhon            2002 CR46   17.538  58.922   7.5   20150627   13.8  159.2 351.9   2.4 0.541  38.230    16     MPO337598   (42355) Typhon            2002 CR46     2002 02 05  644  NEAT
 (42301)                   2001 UR163  36.905  65.934   4.5   20150627   76.9  342.4 302.2   0.8 0.282  51.419    10     MPO337598   (42301)                   2001 UR163    2001 10 21  695  Deep Ecliptic Survey
 (38084)                   1999 HB12   32.570  79.380   7.4   20150627  357.0   66.3 166.4  13.1 0.418  55.975     7     MPO176643   (38084)                   1999 HB12     1999 04 18  695  M. W. Buie, R. Millis
 (33128)                   1998 BU48   20.640  46.257   7.2   20150627   70.1  283.2 132.7  14.2 0.383  33.449     6     MPO157269   (33128)                   1998 BU48     1998 01 22  691  N. Danzl
 (32532) Thereus           2001 PT13    8.577  12.745   9.1   20150627  169.9   86.5 205.3  20.4 0.195  10.661    16     MPO329060   (32532) Thereus           2001 PT13     2001 08 09  644  NEAT
 (31824) Elatus            1999 UG5     7.326  16.305  10.1   20150627  150.8  282.0  87.1   5.2 0.380  11.815    11     MPO257086   (31824) Elatus            1999 UG5      1999 10 29  703  CSS
 (29981)                   1999 TD10   12.326     181   8.7   20150627    5.9  172.7 184.8   6.0 0.872  96.642     9     MPO337509   (29981)                   1999 TD10     1999 10 03  691  Spacewatch
 (26375)                   1999 DE9    32.320  79.652   5.0   20150627   25.0  160.1 322.9   7.6 0.423  55.986    10     MPO337482   (26375)                   1999 DE9      1999 02 20  695  C. A. Trujillo, J. X. Luu
 (26181)                   1996 GQ21   38.223     150   5.2   20150627   10.1  356.5 194.1  13.3 0.594  94.193    11     MPO186517   (26181)                   1996 GQ21     1996 04 12  691  N. Danzl
 (15874)                   1996 TL66   35.061     132   5.4   20150627    6.5  184.9 217.8  24.0 0.581  83.699    11     MPO244327   (15874)                   1996 TL66     1996 10 09  568  C. A. Trujillo, D. C. Jewitt, J. X. Luu, J. Chen
 (10370) Hylonome          1995 DW2    18.839  31.257   8.6   20150627   57.9    6.1 178.1   4.1 0.248  25.048     6     MPO186498   (10370) Hylonome          1995 DW2      1995 02 27  568  D. C. Jewitt, J. X. Luu
 (10199) Chariklo          1997 CU26   13.059  18.495   6.6   20150627   66.0  242.0 300.4  23.4 0.172  15.777    18     MPO340772   (10199) Chariklo          1997 CU26     1997 02 15  691  Spacewatch
  (8405) Asbolus           1995 GO      6.853  29.144   9.1   20150627   61.0  290.3   6.1  17.6 0.619  17.999    16     MPO210403    (8405) Asbolus           1995 GO       1995 04 05  691  Spacewatch
  (7066) Nessus            1993 HA2    11.756  37.223   9.6   20150627   69.5  170.3  31.2  15.7 0.520  24.490     9     MPO135426    (7066) Nessus            1993 HA2      1993 04 26  691  Spacewatch
  (5145) Pholus            1992 AD      8.687  32.021   7.1   20150627   93.0  355.0 119.3  24.7 0.573  20.354    21     MPO337296    (5145) Pholus            1992 AD       1992 01 09  691  Spacewatch
  (2060) Chiron            1977 UB      8.421  18.853   6.1   20150627  138.4  339.4 209.3   6.9 0.382  13.637    45     MPO337263    (2060) Chiron            1977 UB       1977 10 18  675  C. T. Kowal
