Year  Month Date  Total  Numbered MultiOpp SingleOpp  Named
2015 JULY  2     688321  439830  130512  117979        19402
2015 JUNE  2     685732  437832  130290  117610        19275
2015 APR   4     681212  433937  130313  116962        19135
2015 MAR   5     678789  430405  131415  116969        19112
2015 FEB   3     676205  427393  131661  117151        19076
2015 JAN   5     670444  422636  133008  114800        19044
2014 NOV   6     664036  415688  133306  115042        18977
2014 OCT   8     658859  412975  131261  114623        18908
2014 SEPT  9     655500  408750  131293  115457        18836
2014 AUG  10     650443  404944  130641  114858        18761
2014 JULY 12     645148  401810  131106  112232        18702
2014 JUNE 13     644632  399306  132273  113053        18559
2014 MAY  14     642348  396539  132705  113104        18541
2014 APR  15     639091  393347  134179  111565        18504
2014 MAR  16     636415  390514  131332  114569        18301
2014 FEB  14     634504  387487  133400  113617        18273
2014 JAN  16     632567  385184  130254  117129        18241
2013 DEC  17     627950  382394  128216  117340        18162
2013 NOV  17     627546  380114  129389  118043        18155
2013 OCT  18     625629  376705  131042  117882        18106
2013 SEPT 19     622814  373392  132681  116741        18075
2013 AUG  21     620935  369956  132560  118419        17972
2013 JULY 22     620284  368149  133667  118468        17947
2013 JUNE 23     619845  366341  134798  118706        17837
2013 APR  25     612911  363009  131868  118034        17812
2013 MAR  27     611198  360190  134102  116906        17766
2013 FEB  25     606575  356969  132036  117570        17766
2013 JAN  27     604344  353926  133090  117328        17698
2012 DEC  28     600853  350441  134875  115537        17620
2012 NOV  28     598461  347481  135145  115835        17573
2012 OCT  29     595530  344055  133077  118398        17573
2012 AUG  31     588814  337008  136628  115178        17355
2012 AUG   2     587172  333841  139030  114301        17300
2012 JULY  3     587088  333273  138441  115374        17301
2012 JUNE  4     586534  331470  138354  116710        17224
2012 MAY   6     584686  329243  138053  117390        17224
2012 APR   6     583767  326266  137564  119937        17055
2012 MAR   8     582389  322611  139819  119959        16933
2012 FEB   7     579619  316649  144068  118902        16933
2012 JAN   9     574701  312935  146224  115542        16864
2011 DEC  10     573294  310376  146724  116194        16863
2011 NOV  10     570041  306374  146641  117026        16714
2011 OCT  12     565877  301841  148331  115705        16714
2011 SEPT 12     562469  297233  150608  114628        16660
2011 AUG  13     560021  285078  161291  113652        16660
2011 JULY 15     555349  283317  159278  112754        16660
2011 JUNE 15     553969  282027  159645  112297        16608
2011 MAY  17     551851  279722  159752  112377        16528
2011 MAY  17     551851  279722  159752  112377        16528
2011 APR  18     550124  275490  159902  114732        16453
2011 MAR  19     547187  269644  162894  114649        16453
2011 FEB  18     545281  267002  163357  114922        16271
2011 JAN  19     542868  264258  164556  114054        16216
2010 NOV  28     540573  257455  167954  115164        16216
2010 SEPT 23     535789  251651  169241  114897        16154
2010 AUG  24     535100  249567  166659  118874        16065
2010 JULY 26     528865  246869  166437  115559        16065
2010 JUNE 26     523459  243553  168187  111719        15974
2010 APR  28     509758  239797  167047  102914        15885
2010 MAR  30     505606  237360  167821  100425        15771
2010 FEB  28     502591  233968  169786   98837        15680
2010 JAN  30     482419  231665  167253   83501        15615
2009 DEC  31     477010  229914  162042   85054        15524
2009 DEC   2     473217  228203  160836   84178        15524
2009 NOV   2     466538  225276  159473   81789        15441
2009 OCT   4     463152  221945  160225   80982        15441
2009 SEPT  4     460271  219018  161322   79931        15361
2009 AUG   6     459235  217627  160635   80973        15361
2009 JULY  7     457541  216916  160118   80507        15272
2009 JUNE  7     456647  216463  159533   80651        15272
2009 MAY   9     453491  215098  158561   79832        15190
2009 APR   9     450935  212999  158262   79674        15190
2009 MAR  11     444080  210454  155183   78443        15118
2009 FEB   9     440422  207942  154144   78336        15056
2009 JAN  11     439115  204962  155927   78226        14971
2008 DEC  12     436598  202885  153021   80692        14920
2008 NOV  13     434524  200083  152848   81593        14869
2008 SEPT 17     423292  192280  154152   76860        14807
2008 AUG  19     421373  190281  154242   76850        14698
2008 JULY 18     414507  189407  150763   74337        14621
2008 JUNE 18     410737  189005  149517   72215        14574
2008 MAY  20     407295  187745  148217   71333        14525
2008 APR  20     406193  185655  148923   71615        14438
2008 MAR  21     403356  181699  149648   72009        14438
2008 FEB  21     400146  178283  149201   72662        14366
2008 JAN  22     397410  175658  149698   72054        14299
2007 DEC  24     395305  173116  149040   73149        14226
2007 NOV  24     393298  171475  147681   74142        14226
2007 OCT  26     387205  168313  146764   72128        14148
2007 SEPT 26     385083  164612  146913   73558        14077
2007 AUG  28     381057  161988  147332   71737        13997
2007 JULY 30     378546  160508  147263   70775        13889
2007 JUNE 30     377328  160015  146263   71050        13805
2007 JUNE  1     376537  159366  146110   71061        13805
2007 MAY   2     374256  157788  145158   71310        13722
2007 APR   2     371670  155368  145060   71242        13722
2007 MAR   3     368650  152554  145534   70562        13627
2007 FEB   2     366291  150106  146007   70178        13554
2007 JAN   6     364833  147951  143939   72943        13554
2006 DEC   5     362447  145705  142897   73845        13479
2006 NOV   9     341328  136563  137338   67427        13479
2006 OCT   9     341328  136563  137338   67427        13422
2006 SEPT  7     341329  136563  137339   67427        13350
2006 AUG   9     338097  134339  134872   68886        13349
2006 JULY 11     338097  134339  134872   68886        13242
2006 JUNE 13     329777  129436  129453   70888        13141
2006 MAY  15     329777  129436  129453   70888        13040
2006 APR  13     329777  129436  129453   70888        13040
2006 MAR  14     329777  129436  129453   70888        12953
2006 FEB  19     305224  120437  117645   67142        12890
2005 DEC  15     305224  120437  117645   67142        12779
2005 NOV  16     305224  120437  117645   67142        12712
2005 OCT  19     299733  118161  114349   67223        12712
2005 SEPT 18     286317   99947  121433   64937        12639
2005 AUG  22     286317   99947  121433   64937        12558
2005 JULY 21     286317   99947  121433   64937        12449
2005 JUNE 22     286318   99947  121434   64937        12345
2005 MAY  23     277090   99906  108708   68476        12345
2005 APR   7     277090   99906  108708   68476        12268
2005 FEB  24     277090   99906  108708   68476        12198
2005 JAN  25     264447   96154  103053   65240        12065
2004 DEC  26     264447   96154  103053   65240        12065
2004 NOV  26     264447   96154  103053   65240        11963
2004 OCT  28     264447   96154  103053   65240        11887
2004 SEPT  2     256160   90671  100614   64875        11815
2004 AUG  30     256160   90671  100614   64875        11734
2004 JULY 13     251002   85117  100756   65129        11559
2004 JUNE 14     251002   85117  100756   65129        11477
2004 MAY   4     251002   85117  100756   65129        11302
2004 APR  15     243682   79084   99950   64648        11242
2004 MAR   6     243682   79084   99950   64648        11177
2004 FEB   6     243682   79084   99950   64648        11084
2004 JAN   7     232470   73636   96225   62609        11084
2003 DEC   8     232470   73636   96225   62609        11008
2003 NOV   9     232470   73636   96225   62609        11008
2003 OCT  10     225042   69229   95406   60407        10889
2003 SEPT 10     225042   69229   95406   60407        10820
2003 AUG   6     220823   65634   95354   59835        10766
2003 JUNE 14     220824   65634   95355   59835        10672
2003 MAY   1     215930   58092   97550   60288        10573
2003 MAR  18     215930   58092   97550   60288        10395
2003 FEB  16     214704   55719   98515   60470        10255
2003 JAN   6     208572   52224   95471   60877        10190
2002 NOV  20     208572   52224   95471   60877        10038
2002 OCT  21     198986   48380   93668   56938         9911
2002 SEPT 21     198986   48380   93668   56938         9837
2002 AUG  22     194698   46511   92129   56058         9753
2002 JULY 24     187941   43721   91414   52806         9753
2002 JUNE 24     187941   43721   91414   52806         9576
2002 MAY  26     184692   42463   89323   52906         9456
2002 APR  27     175753   39462   85831   50460         9213
2002 MAR  28     175753   39462   85831   50460         9213
2002 FEB  27     173816   37526   84340   51950         9098
2002 JAN  28     169679   34992   83520   51167         9020
2001 DEC  30     158311   32729   74642   50940         8982
2001 NOV  30     158311   32729   74642   50940         8956
2001 NOV   2     146677   30716   66424   49537         8914
2001 OCT   2     146677   30716   66424   49537         8914
2001 SEPT  2     130942   29074   58906   42962         8830
2001 AUG   4     127338   27654   58052   41632         8778
2001 JULY  5     125544   26791   57582   41171         8655
2001 JUNE  6     124748   26073   57296   41379         8540
2001 MAY   9     121595   24599   55308   41688         8334
2001 APR   8     121595   24599   55308   41688         8334
2001 MAR   9     116650   23399   53438   39813         8334
2001 FEB   8     114120   22248   52679   39193         8104
2001 JAN   9     111107   20957   50701   39449         8104
2000 DEC  11     108066   19910   49326   38830         7956
2000 NOV  11     104480   19078   45440   39962         7956
2000 OCT  13     100957   18283   41747   40927         7838
2000 SEPT 13      93696   17349   38849   37498         7705
2000 JULY 26      87923   16349   35508   36066         7705
2000 JUNE 21      83809   15668   32748   35393         7568
2000 MAY  23      78427   15197   29156   34074         7568
2000 APR  18      72201   14788   26378   31035         7369
2000 MAR  20      68840   14308   24598   29934         7369
2000 FEB  22      65324   13902   22752   28670         7212
2000 JAN  24      62428   13472   20822   28134         7212
1999 DEC  22      58282   12971   18285   27026         7085
1999 NOV  23      56657   12656   17560   26441         7085
1999 OCT  26      55957   12180   17352   26425         6967
1999 SEPT 28      55062   11779   16698   26585         6967
1999 AUG  31      53428   11433   16112   25883         6898
1999 JULY 28      53237   11248   15978   26011         6898
1999 JUNE 22      52346   10986   15577   25783         6729
1999 MAY   4      50201   10666   14490   25045         6729
1999 APR   2      49757   10448   14150   25159         6533
1999 MAR   2      48995   10257   13594   25144         6310
1999 FEB   2      47954    9999   13246   24709         6310
1999 JAN   6      47089    9913   12665   24511         6145
1998 DEC   8      46445    9826   12217   24402         6145
1998 NOV  10      45399    9709   11506   24184         6085
1998 OCT   5      43325    9511   10697   23117         6085
1998 SEPT 10      42198    9259   10384   22555         6020
1998 AUG   8      41506    9142   10055   22309         6020
1998 JUNE 10      40773    8980    9633   22160         5938
1998 MAY  11      39670    8777    9175   21718         5898
1998 APR  11      38629    8603    8862   21164         5898
1998 MAR  13      37957    8443    8682   20832         5850
1998 FEB  11      37556    8319    8524   20713         5850
1998 JAN  12      37054    8240    8280   20534         5802
1997 DEC  14      36426    8125    8094   20207         5802
1997 NOV  14      36035    8058    7932   20045         5747
1997 OCT  16      35648    7974    7848   19826         5747
1997 SEPT 16      35263    7908    7511   19844         5675
1997 AUG  18      35028    7855    7342   19831         5675
1997 JULY 20      34901    7805    7262   19834         5622
1997 JUNE 20      34718    7722    7263   19733         5622
1997 MAY  22      34554    7691    7217   19646         5544
1997 APR  22      34264    7625    7120   19519         5544
1997 MAR  24      33600    7541    6951   19108         5498
1997 FEB  22      33397    7508    6886   19003         5498
1997 JAN  23      33046    7447    6724   18875         5406
1996 DEC  24      32526    7367    6553   18606         5406
1996 NOV  25      31951    7316    6441   18194         5381
1996 OCT  26      31568    7266    6365   17937         5381
1996 SEPT 27      31318    7212    6344   17762         5359
1996 AUG  28      31113    7149    6296   17668         5359
1996 JULY 30      30961    7100    6253   17608         5313
1996 JULY  1      30849    7072    6198   17579         5313
1996 JUNE  1      30730    7041    6175   17514         5249
1996 MAY   3      30579    6999    6075   17505         5208
1996 APR   4      30331    6938    6038   17355         5127
1996 MAR   5      29964    6885    5529   17550         5073
1996 FEB   4      29755    6842    5458   17455         4999
1996 JAN   5      29508    6807    5365   17336         4999
1995 DEC   7      29039    6752    5262   17025         4974
1995 NOV   7      28696    6678    5183   16835         4974
1995 OCT   8      28286    6617    5127   16542         4921
1995 SEPT 9      28206    6571    5134   16501         4921
1995 AUG  10      28112    6535    5100   16477         4884
1995 JULY 12      28037    6504    5082   16451         4884
1995 JUNE 13      28029    6465    5035   16529         4846
1995 MAY  14      27924    6429    4988   16507         4846
1995 APR  15      27766    6353    4977   16436         4820
